gyt: 4834,13982
海盗: 4450,14158
xiaosong: 15109,25690
大风车: 3492,30462
Rison: 43172,44793
AA: 8411,17433
恶魔: 10588,10605,13852,17081,27366,37938
dudu: 8301,12544,34079,45054
菩提: 31388,41867
小彬: 14924,46777
九阴争茎: 2379,2607,13994
DeVil: 19751,19934
jude: 35206,40973
清风: 14628,14642,29166,29555,30400,42461
AI: 7730,12775
DeltyZ: 12791,12803,12820,14603
breakholy: 12484,15118
AM: 17636,17656
inuyasha: 27241,35106
天雪夕飞: 6821,7800
messi: 13830,34558
可乐: 4408,16083,22940,28300,28521,28525,34828
NS: 27396,40423
tony: 1557,7356,13518,14686,15763,36300,36661,41998,42327,42807,44577,45887
wwwwww: 27723,43818
李伟恩: 4657,5071
蜡笔小新: 22416,29158,40260
咸蛋超人: 3313,43496
skyemoon: 10298,10389
逆袭の夏亚: 38659,38661
老猫: 19968,36106
dotaer: 22210,26731,29350,41665,42172,43883,44165
飞非: 19270,19287
无耻混蛋: 14784,35724
he: 2834,41817
hh: 26752,39207,46235
什么超人: 7534,7545
loda: 13159,42119
秋刀鱼: 23713,37649,37652,44740
月神: 14848,44466
mch87430: 28870,28872
hy.MissKiss: 29914,29997
饼饼: 7188,25576
hp: 21907,45903
ht: 10080,19540
hu: 17711,25099
King: 5654,12034,16653,20846,24334,28403,30470,44227
非常之特务: 12412,12415
coco: 15642,23647,26231,37963
苏苏: 32529,42375,46499
风少: 11786,17181,29662,36972
Necrolice: 34240,34247
米米: 24128,41057
南京香烟: 13800,13825
hkls: 46004,46005
李忆瑭: 6094,6105
朋友: 22319,37897
Zosimi: 21546,21562
light: 10867,25725
纸飞机: 17396,43682
丿Eric灬傲骄: 14998,15729
娃haha: 14543,14547
阳阳: 13336,17183,20690
风影: 13448,14349,31983
00000: 3560,23258
斩月: 11415,29821
YY小逆: 46161,46163
似乎是朋友: 44633,44634
Pink@Queen: 8292,8295
咔咔: 23667,26034,40094
黑炎: 8735,42418
拉灯: 17291,40623
大枪枪: 38523,38536
打酱油: 10582,10672,10679,13584,26558
鱼鱼: 15191,16799,34919
ReeChou: 1920,12492
小陌: 32585,43548
jueぜ迹: 30279,30282
浪迹天涯: 3083,15736,16716,38803,44890,46640
smile: 9930,11362,19995
lele: 9102,33197,43646
GoD: 34263,42497
朽木: 24501,28541
lelo: 4528,19290
吉吉: 1729,20811
funny: 16846,25292
555564548: 37400,37402
无所谓: 3219,40947
111111: 9612,17615,18339,32757,32760,35924,38364
Johnson: 4738,8633
限量版: 34455,44523
God: 30014,43102
ReLaX: 6226,20641
LongDD: 12897,43386
tsds: 41718,41751
Edison: 8704,34115
我勒个擦: 35733,39728
嘿嘿: 9009,15065,25308
Enqol: 31555,38936
Nero: 28630,32427
Fsports海涛: 13121,13161
阿孝: 35108,41881
秋日: 32483,32488
kkkk: 2708,35913
yjh: 11221,11997
青哥: 31751,31759
夏末: 6767,36530
忽忽: 15870,21139,46873,46879
maode: 32627,32643
ICE: 1955,5077,8974,14273,20059
sakula: 31469,31768
红魔涅槃: 30277,37207
Vurtne: 26862,30897,30903,39561
冬瓜: 4787,17879,18537,22910
牧风者: 19648,19812
｜恏痞孓ヾ呉: 3088,3103
待定: 9973,9982,11031
动感超人: 27073,39752,46589
FANS: 14199,22047
dlhy177: 37594,37599
fanfan: 18559,34949,38487
萧萧: 5764,7752,14799,15438,15450,21759,38925
zz2rhy: 31026,39029
death: 14332,43583
weichen: 24990,24994,33449
tao: 15785,20399,35593,37588
黑暗天空: 24944,24946
突突: 30768,32467
hai: 4564,44341
Mr Yes: 31698,31701
猩猩: 5699,29130
小明: 3215,6988,10685,11955,46534,46877
承影: 29963,40123,41450
hao: 12389,16270,34024,39269
SNAKE: 727,33347
渐晗: 25913,45263
骑士: 8094,16955
小鸡快跑: 3713,17341
niudin: 14308,32543
Reviver: 9435,9817
暗暗: 4023,25424
小河: 2142,38423
御前带刀侍卫: 10778,28510
小楼: 25386,25400,45312
KKK: 5100,28354,30755,45359
半神: 32043,32044
ashin: 12654,14432
素质游戏: 12086,25777
期待: 1493,39108,42429,42438
lion: 6296,12637,19086,24473,24474,34119
四哥: 15289,15743,32695
雨中漫步: 664,22069
野原新之助: 7517,43038
T神: 9972,10549
haitao620: 37728,39931
迷茫: 20822,21201,21202,21208,21220,26382,30211,36512,39884
萍水相逢: 3063,14163
锟之心，不知其几千里也: 20456,20685
龙战: 11947,23305
天意: 23827,41991
simon: 7292,26911
sheep887: 1752,1771
素月墨羽: 27654,27659,27661
沙漠之行: 14203,14225
Ken: 29419,34299
香蕉皮: 19944,19948
关闭着的.: 33419,33432
So_What: 7284,7286,7291
天行者fly: 21190,21206
魔尊九转: 35525,35534
zxdzc: 12151,12188
jin: 7765,29102,41832
阿飞: 21441,32764,37878,40857,46707
烙印: 26282,42428
lucky: 15417,27299,34577,45521
草鞋: 1585,16157
mukay: 9888,10616
kong: 29920,29939,31052,31467,32929
夜弑神、: 18930,18939
新手: 19814,22135,24005,45132
天枫: 34328,40554
pokemoon: 42439,42441
咕噜: 9515,38694
gzr1111: 18013,18033
123321: 7193,14720,18442
打酱油的: 6697,8875,9396,18999,37064,44367
可乐加冰: 9115,11648,24023
mR。fanG: 35584,35587
ZE神: 10870,32684
皮皮: 13742,29199,40684,42627
STAR: 19592,30540,34909
Luke: 11359,25211
小炎帅: 19426,21105
_Only_VomL_: 9069,9075
亮亮: 5976,12594,15170,20728,35770,37563,37585,40252
holyshit: 22859,27592,35734
杀破狼: 30419,30910,32817
ASD: 19635,24413
S、myth: 1423,1430
隐姓埋名: 15261,15546,29978
Double-W: 9956,12318,22144
philomela: 13631,15076,15083
手机杀手: 6190,6195
漩涡: 40453,40556
bladehua: 14920,16241
酱油男: 2150,22580,23807
动手动脚: 10142,10185
在水一方: 1928,3787,19150
Miracle: 5304,6678,15979,45475
独家记忆: 15064,17014,41055
Nothing: 14579,26740
denter: 30929,30936
shitou: 7871,10938,29783
雪中夜: 40318,45731
000: 4974,11748,12032,19518,26191,32950
老板、BoSs: 30301,34711
紫漄段: 11921,11933
犀利哥: 2151,8886,20628,33077,34794,42046
BC0045: 15680,15684
007: 1104,27769,33475,33927,36330,37342,37583,40719,42909
dongdong: 3241,16246,45865
008: 14591,42109
没瓣的苹果: 30316,30320
feifei: 6608,9175,13257,18113,42281
xiaowu: 35370,41813
夜下幽灵: 13587,13606
潇洒哥: 4605,20245,24402
pavel: 22823,35302
太子申生: 2927,38821
shh: 42186,42189
小元: 14793,32293,32297
小光: 6121,29929,30902,30904
jimmy: 1582,1944,23241
sun: 21159,29741,46892
为德沉沦: 9277,9359
狼群: 24140,34560
huzi: 3430,4791
Air_Dreaming: 14030,14036
小兜: 46467,46469
HELL: 7014,16817
00: 11757,18250,25026,38637
禽兽: 9682,13355,19851,43977
NewDotaer: 5782,5784
小77: 33567,33584
夜色西人: 31417,31418
小兵: 2153,44752
王帅: 9030,9037
sishen: 11104,11139
极品飞贼: 7944,7953
幼儿园小爱: 10406,10425,10445
vitamin: 13609,15235
小平: 8263,32725
方歌阙: 38680,38683
JJ: 2109,16063,36158
星月赞歌: 15349,15636
JK: 15770,20545
雪糕肉肉: 10746,10767
yamateh: 1859,13664,13674,18606,34165,44417
beiju`: 9969,11058
白菜: 28378,32580,40391
随风: 5235,11261,12041,12771,19847,26347,40628,43754,44755,46213,46214
dc: 15022,26685
木偶: 22019,24263,38602
妖哥: 22291,28588
dd: 385,11894,18715,32295,34766,35890,36887,37353,38540,40651
df: 43829,45433
大白兔: 24488,46539
小P孩: 16961,16964
dj: 35279,37428
dk: 6871,13473,44555
ice: 24910,26209,39860,45974,46561
Ivan: 6084,15223,44957
龍爵酸奶: 27751,27752
dt: 6900,34512
qq: 3879,14129,15343,23090,23352,32658,32790,35568,37759
hiskyhero: 41343,41346
Tragedy: 3189,40984
北北: 1335,17611,17988,35426
凯子: 13111,45039
Sherry: 170,15494
azzurri: 36599,36601
右手: 36024,42069
二哥: 16378,23616
妖孽: 468,14342
snail: 19876,42856
wang: 20278,37013
凯哥: 40055,40059,43121
ckh2002: 45789,45790
kasim: 1229,42639
小猴子: 1540,3198,9458,9472,19475
楚正义: 6510,20913
mashoom: 1064,1089
Jeremy: 12410,31094
hbjjay: 41224,46520
jacky: 4433,23488,34521
Ei8ht: 41882,41883
缘灭: 11872,36147
esport海涛: 2644,46219
icenip: 33720,33724
Dada: 3081,34961
kill: 33564,46167
闲着蛋疼: 33422,33441
煦枫: 19522,19756
windtalkers: 12955,13039
22222: 27624,46152
依然: 24273,41095
KarlSo: 15408,15511
20041065: 31807,46944
悠悠: 8559,14688
muyi: 36388,36391
Caven: 14860,14880
Trick: 45173,45174
GNRTZ: 39908,39910
菲菲: 20205,43821
milu: 3509,43570
john: 4783,7037,19356,30601
少爷: 17945,44413
Light: 9723,24094
毛一: 1246,1304
烈焰丶小杰: 27844,27847
BUG: 26784,27437,34108
Jacob: 6051,16132
fox: 2230,10377,31162,31336,33283,39525,43037
lu.lu.: 11029,11063
Dolt: 28944,28947
Clown: 20308,38113
卿少: 21860,21861
monkey: 11755,17329,18802
天道: 42821,42822
amber: 39514,44418
夜之哀伤: 28020,44416
鑫鑫: 12204,12838,41387,44719
Pos暗裳: 834,841
Bob: 29265,31187
ssssssss: 10505,36459
摩西: 11943,14363
123: 569,595,801,6571,7051,7804,8066,9375,10742,12231,12312,12707,13242,14091,15862,17381,17503,19211,19573,19637,19686,21031,21406,21560,21563,21564,21798,22810,22969,26025,26229,27015,27832,28619,28926,29115,29150,31497,32047,32591,32647,32893,32902,33273,33316,33928,34036,34701,35603,35711,36558,36699,36979,38022,39206,39443,39541,39627,39761,40200,40203,40322,40939,41203,41894,42386,42882,43286,43597,43651,43865,44184,44189,44517,44742,44743,44972,45443,45642,46426,46714
BIRD: 17282,19291
asd: 6092,12527,15752,15874,21312,23429,25317,26123,30626,31592,38266,43953,45303,45977
tsuki: 44514,44515
独狼: 29464,29467
若初见: 3985,44718
KISS: 18059,39901
可恶的你: 10456,10487,10516
超神: 1873,14911,27529,33753,40249,41418
熙世: 16859,16869
莫淡青衫: 4064,4079
Smile: 21500,44061
baobao: 10590,10765,12346
海阔天空: 11505,15927,41614,45654
N0MoreSorroW: 2688,2725
雪山飞虎: 325,3977
淡定: 5674,42394
苍天哥: 11138,23315
小殇: 16553,42467,43634
六爷: 30222,30223
小懒: 14425,29932
蝈蝈: 1107,3104,6792
mooner: 6817,8360
深远守望: 20735,30372
稻草人: 8302,46512
我爱海涛: 9908,10051,40830,44486
mecry: 17540,18926
赫连: 24536,32090
欠扁: 22627,22631
懒猪: 13933,33605
懒猫: 2692,28741
17gaming: 11454,32943,40276,41732
Ranfer: 39308,39643,39647
pc187: 44871,44872
flyinbed: 35508,38121
至尊宝: 8427,17962
开心橘子: 1533,10011
wsld: 6439,6440,6441
asddas: 36266,41329
沉浮: 2742,4996
young: 6099,14797,41363,42582
撼地神牛: 16831,34134
碧落: 4293,11845
蓝精灵: 3870,26342
简单: 4943,29759,42623
wow_tczh: 7338,7344
F12: 20535,20539,20540
imba: 45639,45979
小肉: 38056,45693
情非得已: 19313,19321
小霸王: 15993,39500,41777
小超: 4088,30801,36528,40266
宝宝: 15796,28021,42758
兔兔: 25085,42539
小菜: 4667,11731,16842,16853,17738,19286,20057
Sparrow: 2266,33951
楚狂人: 22318,36952
一起dota: 1125,6862
oASPIREo: 9666,10348
henry912: 27652,27653
potato: 5522,20329
eva: 12119,35278
united丶小谦: 12601,12626
D-boy: 3566,3572
角落: 17134,17973
Lawliet: 1352,34072,42863
ヤo独特之蕞oοΟ : 13844,13890
等等: 12967,41578
简简单单: 7714,13132,45962
寂静忧郁: 29562,29643
翔弟弟: 28047,28051,28053
败家小太爷: 13741,15075
信使: 4180,24889
~水亦寒~: 31085,31087
Air: 39608,40930
神兽: 40846,40868,40874
vosc: 30233,30237
流云: 35965,38320,39204,45290
heihei: 1647,6616,11723,35327,40387,43128
菠萝: 7603,22024,23568,31829
sda: 29314,31144,41398
ZeRo: 4950,34082
sdd: 20428,37662
sdf: 9988,39891
ivan: 17979,27156,37656
逝去: 20549,20556
涛迷: 9779,23950,28986,29674,35397
鸟人: 1278,15309
狮子座: 2025,28624
小威: 14456,36611
鸡蛋: 339,1998
思考者: 1450,16705
YameteH: 3374,3376,28467
kdash: 11946,40954
物事人非: 18088,25792
杀生丸: 31158,31171
xiaopan: 6830,22063
无影脚: 9740,9771
xingxing: 819,30775
毛子: 2089,34401
小四: 2686,6403,17846,34955,46454
文心雕龙: 30621,43968
小健: 25415,34071,43414
啪啪熊: 32083,33052
丶力: 25648,25649
99: 2027,8001,27849
apple: 2361,19807,19809,34435,44347,46597
逗你玩: 5153,9528,37200
SB: 29654,41303
uphop: 31212,31215
FF: 400,12045,43692
xiaowei: 16293,31809
winter: 13162,30231,34418,38443,39572
随风而逝: 37557,41163
失落小星星: 20145,20154
SF: 14791,21805,27446,27865,37450
梦醒时分: 6745,18935
wacky: 9986,17214
SK: 368,1596,7060,9373,18897,21241,25718
建叔: 25864,25938
狮子挽歌: 26274,27274
NorthPM: 4096,10902
飞过海: 8366,8375,44352
箜羽: 16250,37922
honglingjay: 45704,45705
ma: 8689,12376
mc: 26395,35308
me: 9249,42450
流浪: 4214,5826,10969,25221,30542
如果: 4441,16259
zc: 11962,14515,46570
墨鱼: 10861,40689
木头: 5516,6127,8022,12588,16567,26917,28602
mj: 9468,9469
mm: 20225,28972
zk: 10444,14376,27450
zl: 31302,40025
love: 16376,26859
Jun: 9590,37060
小磊: 19537,32478
zq: 9183,9455
zr: 25923,30997
my: 19301,46689
zx: 5340,13698,40498
zy: 11424,20248,20360,44563
小牛: 6625,8767,9756,13828,33229
zz: 1371,9963,15761,22508,22551,22860,24416,28240,31127,37213,37959,44101,46172
wawa: 1799,8607,9479
龙岭: 30527,41548
小罗: 6517,9714,35063,40638,40974,43043,45914
fireman: 10493,21984
小牧: 31581,34553
酱油超人: 38177,38180
ooooooooooxxxxxxxxxxx: 21273,21277
GaoGao: 4326,4327,4328
浅蓝: 4676,7194,9304,21791,30535
皓月当空: 11661,22370
ppk: 19979,23394
dcb: 15656,15662
jingjing: 26133,44055,45037
豪情: 15865,16107
无知: 30368,43402
青虹: 4115,4118
红莲_天舞: 21229,21240
大屈: 29905,31673
黯灭: 5551,15359
上山打老虎: 5047,5569
凹凸曼: 1630,10936,13555,14900,33303,46750
小神仙: 34351,44546
黑暗游侠: 1185,17346,43468
panda: 4468,8941,11425,12552,19188,24584
天堂眼镜蛇: 37503,37507
晴天有雨: 112,10583
Arthas: 839,5997,9383
chivas: 13721,36708
大大: 321,5766,19697,22608
囧囧有神: 6930,32246,36211
Snake++: 20029,20200
枫叶: 1481,2095,14564,19230
晓晓: 13264,27872,36622,46248,46912
single: 16382,18621,41915
大头: 97,2545,21285,27321,40040
kakasankouding: 18090,18092
Ming: 10193,19160,21699
加菲猫: 1724,17848
刀刀: 10003,33161,39518
宁缺毋滥: 2191,29149,30833
晓波: 44228,44234
NeverMore: 629,4930,29980
Mum神恋: 27626,27628
小鸟: 13908,17002
xiaoyuan: 4362,32350
小鑫: 10808,21583
sychao1: 20487,20490
阿勇: 1931,20229
尘埃: 9101,36872
雷人: 11288,11328
薯宝: 8953,10498
墨水: 20703,41702,43123
伟伟: 641,23120,41781
Asuka: 46541,46572
守望者: 8811,16669,18928,29556
和谐: 8461,17395,32472,38167,38552
恋恋南极星: 12051,12110
海洋: 1135,9055,16741,19373
545906923: 24709,37377
蚂蚁: 6173,6652,18910,22978
　　: 11862,18831,19255
dingding: 2388,21169
峰~: 19733,19735
小伟: 1719,11396,17040,18962,32418
Eloge: 190,191
Jacky: 22662,23124,35710,38741
夜Zoz: 11618,11631
橙子: 31017,43568
迷 迷: 45706,45707
LOKI: 20289,43354
abc: 781,7963,10428,32112,33559,34362,35021,40814,43929
周周: 36907,43025
黑马: 4937,17267,20144
烟圈: 2048,15469
小王子: 15241,33756,33765
强强: 10309,32738,36499
夜无眠: 9064,9066
dota: 12213,15753,16322,16425,16436,20934,21781,23027,24629,30995,32311,35234,38077,38875,41799,42619,42810,43945,44338
辉辉: 15267,23405
七上八下: 8984,8994,35144
大怪兽: 25899,36290
傲气黑道爷: 14523,14533
820: 12324,45216
光光: 5562,11037
无奈的自己: 43517,43518
多情: 4224,39507
IGBT: 45683,45691
caonima: 16056,16068
Lilynette: 30147,30151
baoyulinqq: 15935,15938
开大奔的爷们: 41594,41596
月孤剑: 2517,2524
f284314143: 28227,28228
kaka: 391,1057,2706,4178,5254,11225,14064,14738,15401,16599,16611,26889,29893,30851,39068,39283,40197,42177,42181,45255
毛毛: 758,4257,5825,12984,18695,26204,33040,34219,34600,35920,35931,36063,38013,40012
似水流年: 738,18740,44511
小杯: 44017,44019
小杰: 30859,32486,32489
内牛满面: 1746,16028,28477,37682
shenjia: 11952,11990
落雨天使: 12478,12490
kaku: 9366,21987,32521
鄙人愚钝: 11655,32121
oopumn: 21676,43012
快乐游戏: 4542,40707,46303
Mr.Egg: 43825,43826
阿里卡卡: 20402,20444
369: 14074,14095
鼬之翼: 36385,40558
江南小狼: 39879,39880
nightofseven: 36973,36997
God_Stoper: 35141,35168
玄天: 456,5244
hebe: 11007,14561,39134
七月: 17499,25136
坤坤: 32324,32326,36110
taotao: 5527,32841,40797,41476
Key_T: 40966,40968
风色幻想: 2690,30216,30220,46491
Candy: 1946,2899,27589
风情: 40174,44031
待续: 8927,11849
asd321asd: 41136,41144
豆子: 5343,10242,17498,23345
Mr. GANKER: 6256,6269
1023: 10934,26430,26435
额癫屁癫屁的: 923,930
爽歪歪: 8116,45645
MoonLight_LFX: 37896,37901,41764
ghjrjhk: 30677,30679
binwyh: 5625,9287
月满京华: 35774,35778,35839
jay: 7280,14974,36043,40730,44403,45049
欢欢: 9614,41756
小丸子: 8816,8824,46623
SVray: 25185,25187
令人发狂的电脑: 26902,26904
达子: 4821,45945
不哭死神: 7669,21142
风来: 19561,19623
虾米: 2180,36245
随心: 10675,46238
菊花一紧: 12016,32554
Ran: 12741,41127
达哥: 23080,32830
没有: 7191,18430,44224
WnAware: 17972,17984
战神: 27428,44222
紫菜包饭: 23911,27696
戒哥: 45688,45697
Ray: 18359,27346,31425
小西: 10025,14253,14925
johnny: 14690,42286
阿乐: 21880,42658
aaaa: 8528,18121,21669,26300,30094,35362,39363,41918
无与伦比: 12248,27616,46220
wodefennu789: 20005,20010,20022
超人: 25039,34315
J.S.Nash: 12315,12361
Bison: 30057,30417,39597
初见: 4325,15508
aaas: 16880,16885
xia: 15457,15470
搁浅的渔夫: 24214,24295
邪狼傲楓: 31383,31385,31390,31392
11111: 69,7168,14505,27890,40285
Gaara: 2832,43602
xin: 4862,27565,28130,28131,45779,46460
ChristmasH: 10227,10415
little: 5243,5610
清叶: 19180,45096
Johnny: 8009,11234,19431
lin: 1970,3253,12903,15295,16813,17325,17414,17679,36113,38247,42293
liu: 15614,19344,21414,38176
轮回: 9887,11497,11517
浪子: 17692,24689
黑色: 8577,46538
fk.atm: 31526,31529
烟鬼: 41513,41674
fire: 1442,13983,16089
Blake: 19804,19808
Dust: 14343,17844
爱上九点半: 46590,46593
gaoyuan: 19550,19569
赤龙: 20285,21679
kent: 3419,4880
公子: 1262,37862,45393
阿洋: 765,15563
xiaofeng: 40180,42445
菜菜: 30934,33817,35794
bfmen: 45268,45271
shine: 10038,20091,38518,44933
gzg: 20126,36149
铨仔: 39080,39087
root: 6513,6514
善尛哥: 22269,43253
shadow: 7282,15911,16809,22071,22544,27276,33880,34229,36692,44144
小力: 23164,23168
O(∩_∩)O: 3709,34581,40681
小徐: 8336,27262
qiang: 16161,40715
ssss: 12876,39893
小夜: 17923,38700
pb08000: 20085,20120
54: 3967,3971
55: 32566,32573,40287
lawn: 44625,44632
meng: 33961,34830
阿暴: 32839,44883
DOTA小宇: 17144,46189
wuliao: 32549,36114
小天: 4438,9928,13879,17898,25831,35906,42055
xooz: 13832,15847
扣扣: 7722,36608
晓风: 20449,31999,33815
louyeah: 19700,21008
流逝一切: 12999,43423
跳跳: 282,40642,45750
OK: 1170,42226
MadicBird: 20187,20198
微笑: 18599,36619
fantasy: 1269,4098,10636,34894
victor: 18334,29536
振彪居士: 22905,35841
陌生人: 866,42560
雨天: 18351,19186
 Don't Cry: 13204,24686
丸子: 404,18077,20482
淡定哥: 2047,46544
44204: 7660,7662
向佐走向鼬走: 15383,15392
lucifer: 7367,10123,14398,14882,24449,27850,37271
宠男。: 2648,42918
酱油: 33326,35495,41015,44409
vigoss: 5994,11356,31461,32657,37206
最爱DOTA: 18073,30959,39703,46048
飞鸟: 11965,16170,41899
vk: 9279,9298,9303,9312,24830
vv: 29569,29577,41941
pedizen: 8977,9494
瀚瀚: 5381,46659,46664
FoRcE: 19498,19503
涛哥: 4025,8784,12384,14537,42074
风无痕: 13253,35928
sing: 17959,39465
叶子: 5052,6160,18478,33285,37038,43311
xiaofei: 6240,9081,33871,42510
aaaaa: 13670,33466,33487,35576,35608
狂奔的蜗牛: 1153,2542
Toxic丶4爷: 9086,9229
琥珀: 15586,26546,37675
mssunday: 9315,9929,9933
杨杨无殃: 9554,9556
LEE: 13912,31455
ＳЁv⑦ēЙ: 16941,21633
科比: 7707,9823,13030
chongzi: 5917,41511
Nirvana: 3565,17197,34704
adword: 31068,31154
zhangyong: 11337,38729
maical: 11991,15405
丁喜: 12586,46584
花猪: 20790,39467
大哥: 14463,14478,29749,45663
情殇: 15970,37112
潇潇: 5698,33576
17game: 4384,15407
fang~~~!: 23659,27547,28035,28036
手中的天下: 30546,30559
MS_坏蛋: 45812,45814
范尼: 21659,21661
jjmm07: 15047,31954
紫翮神龙: 32262,32268
hyhy: 29318,41543
低调: 2853,14664,15553,19994,30984,32717,33034,37822
顶海涛: 3157,32923
haha: 3700,4921,7791,8083,8702,11871,18081,19208,23321,25180,26365,27354,34734,34737,35051,35980,39448,39546,40593,41470,46234
第三颗智齿: 21154,21361
蓝梦随风: 12524,12546
yang: 16821,17236,18806,27802,30356,33804,42206,43052,43824,44136
sunshine: 29685,39346
814205556: 30459,30467,30480
Sevenday | Dota: 8533,8541
无风: 8004,33818
流浪剑客: 7498,7512
Mc_阳: 25249,25255
小一: 10384,11880
小七: 21451,32437,43147
lkzx007: 30041,30046,30054
小三: 9604,13563,29452,40905
罢罢: 29425,35551,41652,43150
牛牛: 2120,9441,9687,13693,28472,38469,44876
Brian: 19710,20369
silence: 20607,21603,27754,28844,31277,39335
小丑: 7566,7577,38975
关羽: 14597,38368
ykc: 45805,45808
传说: 11361,15791,32281,38295,38296,38300,45900
呆瓜: 7585,27913,31065,31095
小东: 30705,30743
oracle: 11803,11950
Panda水: 15771,15786
钢铁: 9631,38908
龙龙: 1514,2117,4223,17037,17044,26490,44999
唯一: 30913,43493
星空灿烂: 9125,9144
Panda: 10159,26287
帝陨: 20210,20275
死骑★巫妖王: 32607,32617
蛋疼帝: 28255,33078
猪蹄: 29520,44818
夜一: 17916,22921
hocl: 16148,16152
臭臭: 22943,46427
乄呔孑: 44658,44678
nashysy: 7093,19200
流浪猫: 4350,12860
future0102: 31100,41945
千树怜: 6714,16118
Joshua: 17112,26663
MT小软: 14897,14916
antares: 9000,32017
binbin: 5747,26596,38118
tom: 15667,25110,27329,37079
昆仑_空胧: 22435,22437
谦谦君子: 2058,34882
菜鸟: 6313,12348,13752,13843,16999,17750,18517,22577,24601,26260,28788,28793,31024,38238,41932,43467
无聊人士: 29876,40776
尘埃落定: 9345,26888,30164
JOJO: 20993,40801
jiuxi: 8978,46015
恰恰: 17719,38895,40271,40277
小猪猪: 10002,15969,25595,25891
大飞: 22760,29211,38564,41466
小波: 3624,7716,23868,37768
pipi: 12796,21665
finger: 2649,37473
天天向上飞: 18731,18733
parco: 6955,16601
kangkang: 9264,22739,43728
KLD: 40955,40957,44782
artestan: 38789,38792
myth: 15932,21690
lich: 5856,6247,16993,19831,23192
gaga: 21601,32424,42241
娃哈哈: 4978,6842
最爱当当: 9970,9999
杰杰: 40476,46436
KYO: 33237,36627
点点: 11964,23155,46677
solo: 34791,37137,42792,46037
licy: 29958,44333
boss: 40465,41494,43501
么么熊: 9879,9914
嘻嘻哈哈: 19502,19908,20097,20101,20102,22779,38476,44035
roger: 8089,34136,36190
weiwei: 14985,33907,42275,43454
妖怪: 26272,26835,26837,43677
snddje: 35253,35264
lostsoul: 15497,15527
jayson: 8772,45208
daniel: 7696,43008
阿龙: 31897,36020,38662,45236
dongge: 4515,17726
啊啊啊: 11197,19619,24988
kobe: 5161,27725
若，只如初见: 9417,9489
jjy: 6286,7653
蜜蜂: 14699,39139
残景: 14625,26085
clover: 3573,10035,14300
chongql2008: 15111,15113
疾风: 2325,22733
cheng: 32426,33751
秋元: 9821,9891
loading: 7505,33684,36694
ivy880314: 10432,19128,19132
Rayallen: 14761,29403
和谐帝: 21461,21466
就是杀: 42133,42135
星空小幻: 19799,20443
阳光: 16095,35337
Daniel: 8727,9266,16699,23007
龙滴滴: 44390,44392
cherish: 29634,32260
Beta: 23706,43696
will: 621,18402,25348,38939,39231,40838,44835,46084
Lulu: 11440,30943
SASA: 512,9580
MTX: 8897,8901
达达狼: 9411,12591
style: 10336,10373
葫芦: 21780,29545
潮汐: 12945,25096
ATM: 9621,16371,29080,30548,39442
moon: 7240,8919,9805,12127,13708,25631,35469,45679,45753
啊哈: 6020,26343
我勒个去: 8293,30553,46338
ATP: 1214,42862
蛮蛮: 4596,34130
tempercy: 16879,16895
engins: 21248,21253
bear: 18434,24865,35152
Mao: 26906,33266
lee: 813,7211,13425,17051,17816,18320,22799,37690,42527,43804,44207
夏天: 4579,22078,41094
lei: 3577,6222,34804
fancy: 15937,19362
Max: 7872,33457,45272
leo: 739,7633,8324,8684,11486,13902,18667,22193,29857,34066,34588,35772,37366,38703,39129,44081
Ang: 11393,11444
浅伤: 24422,46695
arthur: 4305,35155,37077
tlxxyy: 3817,7307
炫爱: 18875,18881
红茶: 4560,10460
qfqdxh: 13005,13011
Dior: 27476,34724
猪猪: 11881,17469,17566,32196,32537,43090
momo89: 12572,12578
曹操: 21728,29170,39445
gaara: 24051,24059
小冉: 29854,29856
yuge: 17584,17599
meoluo: 28791,28798
和谐DOTA: 2621,8774,11888,15058,27184,29275,36494,36515
白杨林: 43054,43055
Hey: 9307,33878
gin: 12008,46203,46206
愿和谐与你同在: 5902,5905
文盲: 10282,33603,44722
小子: 3979,7535,16980,21347,29549,38646,46576
支持海涛: 1328,5238,5320,9153,10992,11851,11868,12748,21194,24608,36875
evil: 23732,28432,34652
狼狼: 18373,21611,36800
11: 2713,8815,11763,24842,27430,28337,28634,29445,30293,30431,31211,43084,43635
和谐游戏: 11183,31871,45371
12: 33968,46394,46403
13: 19828,41826
zmc: 13314,15780,29660
速度: 2555,19534,43935
阿森: 12094,17771
小哥: 34543,38366
zzc: 4832,11196,36607
无双: 25991,30988
阿水: 51,41857
小孩: 12105,30796
醉清风: 6908,32403,45889
DOTA爱好者: 2966,22532,30549,31530
明媚: 6214,41598
zzp: 11420,35177
dhcmmq: 18220,35768
可惜不是你: 7580,29436,44237
农夫三拳: 28135,28136,28139
xiaoqiang: 44060,45593
ajia: 7270,19665
KG: 33629,41650
zzx: 38143,41001
june: 21131,38131,38568
zzz: 9975,10177,10180,14446,27906,31697,32251
KK: 14457,32571,32796,32799,40597
菜鸟玩dota: 9894,9924
请叫我小猫: 37288,45366
泡、沫√: 31296,31305
KO: 2264,10841
ABYSS: 8422,8431
Fantasy: 11191,21598,39589,46583
Roshan: 17009,27279,32096
这不还是玩爹呢?: 44535,44536
散人: 9032,10293
caicai: 9785,20817,31863
XX: 35157,39060
残⊥草: 25182,25184
leNgendE: 23078,23081
鲲鹏: 31138,36111
LodaFB: 30195,30215,30287
蛋蛋: 634,6858,16975,38974
ee: 24717,46549
snk_99: 17659,17672
幻型豫章: 16076,16077
隐为者: 13378,19278
Lucifer: 573,1448,10277,19154,19172,24890,31558,33279,36477,45842
铁棍-小Y神: 37580,37587
渴望超神: 39293,39297
long: 1408,6433,7843,17234,21625,23356,37724,39617,41745,45237
乌鸦: 10629,17318,23342,42783
Crazy: 7432,29959,38922
乐乐: 15210,23484,23491,23492,23494,27834,28687,28852,33481,42768
anchun: 10329,10546
vampire: 5276,25804,35807
airmen: 10978,33297
CODE旋刃: 3225,3230
【小、色】单调: 12691,27314
nani: 2421,11319
花醉三千客: 6556,16564
东方未明: 15738,28384
你爹: 16315,20814
wangsheng: 30919,30926
无痕: 1629,5978,6116,11263,16227,16238,17633,18004,39412,40007,44615
zombie: 3591,13579
小馒头: 35034,44269
jungle: 12009,26608,41609
redwall: 11694,11727
ZerosKing: 22373,22376
0000: 19524,41150
HackGary: 19408,21474
滔滔不绝: 7514,20342,22439
十三少: 28957,40567
耗子: 2768,5242,13359,17012,17304,26551,29432,37203,41083
白菜头: 42592,42598
ninja: 915,8361
kimi: 2007,12716,17124,29883,33288,39127
kaikai: 1361,12350
双子: 16006,30706
霜冻的枫叶: 42303,42328
SEA: 25404,38612
gundamwings: 20911,21053
点点就点点: 31967,32412
龙神: 8016,13225
小风: 8462,16748,17369,19363,20623,37929
nova: 3557,34208
梦游: 5644,31045
疯子: 994,3054,5426,27282,28746,35629,37818,38914
kyo: 5368,5989,12795,43973
wowo: 15556,15746,17612,21462
小齐: 3462,3466,18190,27889
一起游戏: 18777,29806,33321,34009,37369,40153,42361
小飞: 10112,12553,13334,16756,19798,32848,33969
Solo_Hero: 20950,26635,26637
mumu: 263,29345,29349,38331,41219
mimi: 7183,7746,16849,24574,34634,38526,43622
heyman: 36739,42072
黑白: 2883,30199
cyin199463: 10290,10303
123456: 4722,8719,11643,11647,14330,14551,16121,16421,17462,18646,18883,20156,20431,20789,20960,22751,25132,25518,26797,27755,28575,28587,30126,30422,32396,33550,34348,34639,35728,36399,37052,37751,37760,39078,39298,40068,40762,40889,41065,41148,41854,41858,42930,44877,45372
津城神: 34052,34056
dada: 13962,21695,39693,39707,43912
O(∩_∩)O~: 3581,31054,40987,43353
小兔子: 4046,27679
okey: 11204,14765
风清扬: 1977,29699
林枫: 27260,29392
夜风: 25766,27155,46175
manman: 7529,36906
苦笑: 14714,34424
剁塔: 24426,24428
viva: 3903,13222
ckr111: 4409,28827
奶油棒冰: 12148,12181
vivi: 12052,15599,40708
深山野人: 30032,39932
半半: 5678,37764
jiajia: 10504,18404,18818,25720
Ax_LLL: 25262,25266
漠然: 3087,37044
zhang: 1452,15800
风风: 15513,45033
WADE: 29399,46371,46372
大米: 10586,11074,13732,16866
eanfa: 9213,11349
兲蛋你嫑跑: 23755,29025
透明的云: 34053,34060
厉害: 9753,30700
月月: 7853,46785
222222: 16461,35219
arshen: 34958,42917
higher: 30039,30040
holy: 28611,42187
7777777: 30931,45177
jason: 8024,9699,12727,15286,21453,22946,31699,40017,40764,42840
excilibur: 45863,45864
埋↘☆ve葬: 12409,12494
steven: 34179,41600
蓦然回首: 16690,27613
木头人: 4678,6036,15988,32879
奥特曼: 14271,22040
雾霭霄雷: 11695,11713
Hero: 5720,8333,41811
十万个为什么: 4233,16300
苍穹: 8401,15251,39429
kevin: 2358,17196,17548,18202,24974,28018,38313,41856
ChrisRed: 45109,45111
大鹏: 41043,42649
55555: 3412,14767,17881
小毛: 7845,10198,39370,45756
darkrain: 35307,35316
浅笑: 31547,42357
宇宙的春天·: 6310,6311
星星: 17217,30580,31007,32834,40896
tianion: 2737,24649
monitor: 9522,9534
fresh: 18804,32644
光头: 12247,29651
lulu: 12134,14221,14222,14646,19384,22191,39570,39579,45053
赵小回: 8764,36807
terrorblade: 33081,33085
可爱大虾: 20924,35424
lili: 39239,42352
烧白: 9584,9601
佐罗: 4886,6463
恺子: 13090,26431
bobo: 146,3688,5665,7878,7882,8084,9286,11628,11744,12713,14693,17280,31269,31308,32969,36091,36488,36768,36775,36920,37844,39023,41358,44004,46765
soul: 18713,18968,39493
stones: 13503,23724,23726
yezi: 8329,46594
︱.⒉з⒋ 5: 39324,39328
泛滥° n: 11059,17430
土豆: 20756,22643,30058,32844,43642,45820
boby: 45171,45172
弑神伤情: 18056,21310
Woo: 1188,14188
仲夏赏云: 9715,9873
李毅: 1205,9334,37322
dota小菜鸟: 38489,40688
燃烧的寂静: 5360,27281
寂寞: 5448,32895,36594
jackie: 15414,15423,28504
小胖: 1790,2748,5819,7273,16257,19476,22025,25786,27934,29042,30667,46280
凤舞: 4823,7323
梦比优斯: 12010,12025,38233
STovenJB: 15100,15103
兔子: 4525,5865,6000,8761,16722,19079,21674,29596
wanglei: 14605,18953
放开那女孩: 32041,37316
FLY: 33965,40438
qwe: 9219,9233,11434,30800,33595
小路: 23799,33338,33922
叶枫: 13593,23231
飞哥: 17977,29448
wenj168: 21422,21429
夜魔残月: 25810,25813,25816
麟梦: 21099,21103
dicksly: 20407,39212
-`尒　___峯: 45983,45985
伪装的萝莉: 30161,30180
灰太狼: 677,5983,9783,15149,16733,35566,37465
小枫枫: 3900,20730
仔仔: 4778,39726
theychou: 36468,36473
henshui: 12528,17232
N神: 2767,20826
花花: 18704,32970
owen512: 4296,4300
MoonNight: 5388,7228,7231
memory: 26933,26934,31720
小红帽: 27431,44240
CAUC_Procaps: 15202,15222
paopao: 31275,37827
Roger: 29655,36483
style7: 15039,15112
曾经: 5057,27726
tkandy: 14850,14869,14877
阿司匹林: 2804,14622
posha: 17663,36340
sea: 27981,46698
天谴: 21331,21337
动感小猎手: 20425,20544
夕阳: 7509,16493
Paul: 3555,22152,36812
哥不小心: 20423,20433
叶虫: 30197,30198
吃不吃: 19513,19645
习惯: 18637,35465
鹰眼: 34064,34073,42608
wyman: 41673,41675
一血小王子: 2393,35860
破晓: 7886,13000
诸葛的E: 46646,46655
hover: 21125,25507
小发: 2384,32747
Robin: 6495,39406,41460
mofei: 20306,20310,26757
饭饭: 4086,9326,36244
笨小孩: 5827,18832,23981,41372,42601
斩风: 32623,35285
帅帅: 25596,36493,44857
Amor: 28407,41154
laofan: 11304,11321
小圣: 73,34649
刺客: 16427,37808
华晞: 1840,1846,1848
小可: 1438,45991
MARS: 13175,19146,19153
猪骡鸡公园: 24637,43732
T9: 15040,15053
NaNa: 20965,20977
北落师门: 15081,46709
nic: 32277,33248,34104,37440
Tomo: 11217,41051
小叶: 1941,1964,26144,28155
TC: 1833,35311,37809
低调丿腔调: 20309,20313
GG: 489,720,6077,16074,18549,19348,19996,28286,28981,33800,38791,39288,42778
TD: 9357,17474
-_-!5D: 30002,30004
Little: 8681,45466
toto: 5633,37427,38883
鬼逆: 5696,37116
花少: 14657,20876,29359
大虾: 6760,36848,40820,46514
海蓝色天空: 922,7721
4口仨石: 9893,15371
路人甲: 7634,10760,14359,17094,20634,29601,33059,39517,43938
GX: 2342,8096,45959
TT: 22500,38745
GY: 32433,40473
wwwqqoo: 21341,21342
bin: 18335,35331,36235
aaron: 6450,13320,19411
chen: 3641,4606,9471,9547,10643,13900,17877,27191,27619,33350,37042,37595,44342
紫龙: 13553,26158,27200
熊熊: 5577,15831,25629,25632,45257
aa: 8410,9226,25628,28577,30206,31665,33290,37757,43201,44340
快乐终极: 13901,13913
af: 15419,40422
飞飞: 550,4770,6196,9299,9902,12565,16344,31832,35542,39311,39418,39650
xiaott1989: 30874,31246
纠结: 7661,23579,24121,25937,37591,38051
ak: 13371,24435,25338,25922,34975
只为DOTA: 36609,45029
Tt: 11205,40213
as: 4006,14890
丿灬戀乂薆灬彡: 39957,46567
dota菜鸟: 20438,22705,27989,39196
1990: 7038,34201,43275
Levin: 45766,46864
小羊: 23151,43322
Rock: 7945,38978
Adonis: 36833,40374,42606
小盆友: 5688,5691,5693
Vampire: 4074,28856,29131
BabyQQ: 29165,46150
Sugus_driver: 45259,45260
568588588: 30118,30119
Seven: 7107,19333,21357,21364,23493,42065
FLucky: 20159,20171
LJ3: 17983,28356
7734sss: 9539,38223
小群: 30305,30309
poll999: 41739,41750
小米: 1124,4889,35771,36570,37457
泛泛之辈: 16942,22552
xiaoyao: 15195,26277
dx-小烈: 11898,32323
ddd: 4467,40273,42266,42692
focus: 6713,22620,35312
囧囧: 20292,40487
dotadota: 13989,18215
LJM: 7128,21298
路过: 3592,13751,22020,40029
来顶海涛: 15426,15430
小羽: 3819,40523
轩轩: 28085,30188,30191,37883
super7key: 42889,42892
ddt: 5120,7261,16897
spring: 2597,7597
牛哥: 37482,38418
❤ι懶さ佯佯: 33913,42349
xidianlanren: 43918,43919
asda: 17855,24538
chenchen: 6730,28182
wdxsgsd: 13958,13964
不离不弃: 22782,24883
萝卜: 15318,37227,43018
asdf: 15683,26234,28252,28900,31884,35229,41943
浪漫蓝天: 19144,35236,35237
随便: 8496,33216,33582,34823,34833,42414
水哥: 3075,31249
摇曳: 35276,35282
伊凡: 21615,40484
why: 2053,24262,28003,32098,35658,46108
circuit: 6805,6810
小鹏: 28920,45821
不知道: 6083,8555,10893,45878
芜苛↙嚏玳）: 17155,17165
xiaohei: 1228,12738,12744,13692,14015,42202
dadas: 13309,37180
落花流水: 2862,37917
佳佳: 11085,13245,16488,22513,31782,34784,45713
Lost: 32280,37999,41981,45178
恩赐解脱: 22858,25151,27892,27894,36641,45667
无道: 15597,27344,27347
jiangyu: 14886,39971
一起吧: 13976,38434
Sun: 12605,20141
Genii: 30487,30494
拍拍: 3626,23171,23173
小鬼: 19589,24943,39792,44780
NEO: 19310,29918
醉生梦死: 10204,15856
大熊: 16692,19184,37620,42163
13jouojl: 31532,31533
dota小菜: 20980,41211
bridge: 34682,39847
noname: 22194,36201
奇迹: 17343,30402
华子: 17226,30208
fly: 3086,4901,9759,18285
随遇而安: 3181,26848
happydota: 30077,30344
光荣之狗: 15503,15512
和谐dota: 12739,35675,42016
Crazyghostlike: 27740,27742
Nevermore: 8718,16582,20041,20140,21056,32008,36644
时光飞逝: 21822,25940
LOLO: 1791,17538
se7en: 11395,32907
落寞#殇: 8630,43072
海浪: 9546,43239
sakura: 2868,10524,11081,13725,33929
supernatural: 8069,23441
ace: 9199,35261,44601
Onlywan: 37658,37665
海海: 9113,9138,16206,38543
宅男: 10690,32754
hoho: 10119,15635
nemo: 1258,33925
沉睡豆沙包: 20127,20130
AK-47: 15768,42831
安安: 20801,26915
Eric: 1142,3049,4080,16288,20415,20612,24453,31525,35973,37074,39669,39766
Ice: 12538,12564
翱翔: 22353,27157
猴子: 2570,17509,18586,19986,33617,44795
′此若相思。: 21666,21668
鹏鹏: 1154,4900,10865,34008,39380
米汤: 16529,19544
悟空: 8476,45558
小林: 4186,12228,40008,44823,46595
涛哥fans: 1420,16615
死神: 38488,43348,46937
菊花哥: 2780,12828
solosu: 30642,30643
贝贝: 12109,26155,32765,32769
Andy: 4424,5328,40988,44683
糖糖: 35252,42569
小枫: 1192,7063,14734,40365
玄心: 4411,14580
Eason: 8368,9451,42059
robin~!!: 12734,37556
逆流: 14150,42628
oko: 40435,40442
2012暴风来袭: 34341,34426
星雨晨风: 18435,18440
出墙吧丶杏: 31683,36835
Bin番茄: 37636,37680
没事偷着乐: 2849,37161
我是谁: 14563,34937
冷酷Blazer: 7101,7117
逆火剑客: 38717,38725
希瓦的守护: 13385,22547
路西法: 26084,45341
霜之哀伤: 7383,8862,11008,19748,31569,40495,43522
阳光宅男NO。1: 37727,37738
灬夜殇灬: 31710,31713
濯缨: 21318,24874
xiaoluo: 22053,33874
fernando: 23057,23060
Mars: 20917,31838
老衲: 3500,17696
哲哲: 3911,40079
joe: 2143,7793,34691,46067
小虎: 10526,11270,35174,37260,40082
风之精灵: 13363,13376
...: 1308,32039,38445
发哥: 30278,39882
魔crazy: 5872,7080
Choice_Sky: 21238,21246
joy: 1708,20668
Brave: 11386,36453,38687
Maven: 2513,3149
哦也: 36882,39760
宝儿: 5829,6959
春哥: 2967,42500
kopen: 7664,7731,33551
Billy: 28023,30857
Kevin: 9194,21677,23739,23893,27083,29236,32229,33639,43589,43831
Falaniel: 532,533
随便玩玩: 1240,7202,45125,45127
火星人: 19045,46536
pisces: 12194,35140
sweet: 4675,9758,17263,17275,32887
小虾: 5508,44177
520: 11733,29099,36984
521: 25225,44548
royalren: 46859,46867
YYY: 13585,13795,20018
为海涛而来: 2496,5128
很黄很暴力: 34388,44853
zhip: 16269,16273
nice: 465,755,14606
Fox: 4068,44147
dandan: 27109,41965,43798
raul: 6638,10001,14728,19683,31969
Rasdasdasd: 21327,26053
biubiubiu: 11756,20907,46138
天杀的呀: 38311,38315
风轻云淡: 16236,32432
上善若水: 2808,3698,5754,7715,11445,19954,20008,29675,35349,40525
血色残阳: 20215,36090
TUTU: 5661,24576
sxwnwhg: 41499,41501
Asura&Lozard: 1221,1280
侠之巅: 34463,34465
霸气四射: 42356,46032
yakeyi: 15433,15475
回忆: 5113,16751
Tank: 27228,43221,45819
wing之翼: 10314,10323,10380
月夜逆风: 19457,19463
小胖子: 13044,16954
ljx: 13639,40113
huahua: 7377,17873
兽兽: 14336,32995,43009
飓风: 12303,26470
jerry: 5403,19130,34808,40147,45893
delta: 3677,9225
Bingo: 2313,26621
fish: 13177,32073,46217
小胖哥: 10803,39954
-000-: 19670,19673
翔仔: 13515,35743
sad: 21223,21230
sai: 845,3508,3537,4215,14212,18146,20038,33862,42302
我爱爹娘: 19722,19728
sas: 18951,30030
rock: 12688,37128
螃蟹: 8982,18186,18188,25547,26585
为海涛而注册: 7209,20350
da_ni_xiaoJJ: 16481,16497
小奇: 21394,39141
tianmohun: 33132,35025
小心: 16778,38731
诺言: 17046,21629,26105
笑天: 30882,44364
XiaoL: 8715,8723
迅晟: 44925,44928
yuyu: 20067,42683,46089,46093
yiyi: 5074,15499,17642,28696
小志: 63,5537,6841,46652
健健: 34893,37754
飞羽: 7594,7598,7601
梦七儿: 27848,40925
宏观经济学: 16985,16992
YamateH: 7151,14873,19451,23035,23038,25587,35554,37475
leluciu: 40023,40028
8862003: 13185,23571
东北天狼: 2126,2144
shmilyqiming: 32287,32290
羽-吻舞双全: 3997,4172
CC: 6646,17068,25289,30932,34445,37223,41167,46207
本·赫利斯: 7260,7266
兔咪子: 10248,10289
冷月: 8661,27483,36052
colin: 14822,38822
CJ: 25722,27167
neo: 17379,21279
小念: 5831,35010
风过残影: 26527,43974
潇琳别致: 13738,37222
Cat: 17269,26839
蓝黑魔导师: 31349,31370
哇哈哈: 3296,35975
Yamateh: 11470,24514,36698,39403
陳小川: 21065,21072
流星: 15490,18861,23077,25061,25137,26944,27803
chao: 11237,34699,35893
Cc: 14896,20317,24195,27563
haitao520: 16327,36978
cainiao: 1339,35901
Excalibur: 13660,36666
wa: 37304,37798
wc: 11521,18982,42079
笑笑: 16446,35882
jj: 4012,6599,21657,23928,26130,35296,35506,36153,37604,44258,46164
jk: 5005,12293
小熊: 1712,3569,13683,35352,40477,40872,43781,46036
传说中的菜鸟: 4874,12609
落末未落: 22572,22575
果子: 31,21700
8023: 7254,45356
七夜: 19545,34865,42803
Destiny: 27912,32480,40344
wq: 30363,40981
koala: 21168,35163
cxjwin: 17766,17774
火车: 13875,21941
蓝色: 34792,41257
jy: 4896,39436,39858
ww: 6553,31601,35023,35216
你算什么？: 13728,13937,39382,39420
wy: 12887,34253
lost: 9732,31935,40806
Silent: 10686,22012
SEAN: 40061,41896
果冻: 26480,32066
凌风: 14853,18863,22856
lxj900715: 31706,31708
纳尼: 19567,43947
残念: 46181,46187
sniperC: 7868,7875
卡卡: 7768,7778,10333,12405,19698,29060,36121,40514
浩子: 5284,8110
微笑的看着你: 9880,10058
不二: 18851,22534
灰丶白: 41629,46391
Ein: 35582,39906
浩哥: 3803,21906,27556,27557
焦虑中的淡定: 23244,23247
别闹: 5960,5963
胖子: 2456,13907,15082,22164,23481,41312,41314,45486
kira: 6763,14094,25258,29692,44195,45155
freefreed: 13635,16078
鉄腕 Atom: 1109,1274
sxlky: 18299,35652
七舅姥爷: 25557,25558
peng: 5760,17311,17344
小疯子: 24445,31019
大宝: 6958,20943,21599,21720,21740,24042,41256
小蚊子: 26408,37230
seven: 7479,21454,21593,28274,33952,40479,40486,42093
Archer: 6250,46845
bxsaviola: 4396,33535
Aaron: 18938,22171,23890,39780,43927
jokie: 11260,46270
wood: 11252,27158
Forever: 8026,29570
风筝: 11806,40756
轩辕无道: 2563,20990,30946
zxcvbnm85: 5713,5716
红狼: 9137,31471
小雨: 210,3238,9428,14410,26073,35204,43301
一辈子的朋友: 8622,9387
Rego: 21281,21291
xxxxx: 5316,14297
如果灬当时: 10472,10503
mo.t_hao: 7849,7928,7935
jone: 31250,39646
小恐龙的蛋: 20944,20949
rainbow: 8160,15228,41584
好きだから: 11109,11128
s112000: 39985,43506
blink: 9412,9448
run: 17349,29975
洋洋: 3655,6802,14754,40253
michael: 7176,10985,27760,36034
泡泡: 25,6404,16883,27304,38944
snjnj: 33568,33607
andy: 1301,14588,17003,22477,25330,37275,37930,41846
小乐: 2894,29862
leilei: 8997,31877
小包子: 9453,29626
小乖: 12355,12871,31279,37610
Forgax: 16554,20695
拖鞋: 2744,44284
阿喀琉斯: 6267,27816
为涛哥而来: 3098,28683
Alex: 815,4113,6354,9046,18654,26199,33181,34123,40541
仅此而已: 20677,22419
阿啸: 38597,38599
悲剧: 7195,9459,15435
流动荣誉: 41825,41827
夜雨: 28968,40376
志鹏的赎罪: 46674,46676,46680
yyy: 3631,7322,34762
KILL: 19174,39738
xuan: 4307,17725,17729,28297
wewe: 2359,5723
mark: 15822,25264,32359,35065,41176,43534
老毕: 9324,43932
mars: 12786,43626
xing: 360,21340,31842,36061
SIMPLE 旋律: 36796,36805
12345: 5769,10506,25327,36386,46860
xiao: 8043,12230,15946,23798,26423
太子: 3303,45367,46841
七七: 5078,37448
Silence: 23709,37049
Portgas.D.Ace: 16168,17047
源五郎: 4333,4337
dodo: 8809,37173
tcp: 10261,10274
thunder: 26449,39437
bxhwan: 46359,46360
cookies: 29871,29872
天俊: 7665,7720
小马哥: 53,1482,16049,22035,40823
ting: 23637,23638
shwx5460: 9751,9938
layerme: 32428,32430
Ice冷冰霜: 11638,35170
一路向北: 425,18717,18721,20651,22830,43830
xiao fa: 20666,20706
誓言也在笑: 20994,40917
shin: 18688,39777
泥巴: 30186,30243
Fairy_Tail: 1379,1396
shit: 4897,13995,15902,35851
woodykuang: 35962,35967
ヽ゛我爱你つ: 42433,42437
小洲: 6604,29742
xcell: 329,336
mongo: 11728,11760
丁丁: 1706,19299,31727,33381,34291,35781,46376
K1nG: 36278,36282
333: 17535,18269,33148,40262
思追XD: 31321,31341
能，不能？！: 20457,20461
MJ.俊熙←: 38548,38550
柯南: 1322,3974
T-bag: 22307,31270
storm999: 27376,27378
幽幽: 27643,34207,41679
chilejean: 20157,20162
LX_HeaRt: 11696,11793
猕猴桃: 1077,2368,43894,44095
coming: 10572,12857
bunny: 7348,24373
烦灬丨丶燥: 39862,39863
xiaohai169: 5497,5500
xiaoyang: 28967,29248,31635,40054
诸葛恐龙: 22884,46457
admin: 1,19488
　Cloud ゛: 14083,14097
风吹屁屁凉: 14423,20432
大尾巴狼: 13793,21763,30789,38668
wahaha: 1536,5446,14494,28825,30145,30148
bamboo: 2543,21085,32217,36364
allen: 15974,17936,18882,22154,25744,26921,35122
包子: 1001,22814,32168,42190,45156,45748
mafiosso: 41327,41335
wywkj: 15955,33227
xiaoguo: 8924,33693,33696
孤狼: 11493,18360
墨倾: 15239,25878
seusky: 12781,30981
风暴: 42550,45020,46908
黑眼豆豆: 1832,6452
vinceen: 31067,31072
小诺: 12522,33824
00144: 19901,36582
花菜: 11311,13704
柒夜: 20206,20212,20213
小肥羊: 31622,34029
snidtf001: 18674,18680
orange: 6284,43876
小人物: 4972,5191,7654
路飞: 33172,35372,37312
cgwan369: 32832,42868
赤章曼枝: 20881,21226
henri: 18834,36430
上帝之手: 40833,41977
水果: 17125,17175
henry: 1309,12192,19326,20921
asdasd: 2195,2933,25469,29195,36740,39030,39794,45420
billy: 13014,19458
雪糕猪: 19745,19790
dotachao820: 8889,10324
xiaoyi: 11496,42306
童年: 30472,30479
zgklous: 32946,32960
Lemon: 5525,12385,17796
first blood: 45716,45717
xiaoyu: 178,673,39278
Anycall: 15214,28562
直与蝶: 7650,7656
Zero: 398,1087,4893,17963,32351,34993,39574
Emperor: 33511,45267
mutou: 17982,27879,43218
梦魇: 19005,21626,33508
梦醒: 4157,7341,7343,36497
ERIC: 14167,36680
小宇: 5158,5370,13163,15456,17828,18565,20077,20107,23471,38860,40862,43659
总统: 15379,15388
胖胖: 10958,13984
OCW: 22685,25706
我擦: 33,20138,39035
Mr.bc: 42534,42538
怕瓦落地: 17715,23270
若离: 3331,4575
蛤蟆: 9514,26651
小凡: 541,12296,13227
22: 2987,24859,26293
23: 20382,27086,40106,45069
56040227: 6995,6999
binge: 17974,36726
123456789: 16180,32661,34431,34437
小宝: 2684,18955,24851,26777,32572,35801,41757,45685,45718
haohao: 6531,33357
future: 2685,18632
小凯: 9746,9997,13134,35270,41022
bingo: 12370,14553
无名: 2257,4808,10469,34642,36520
Dante: 18812,43678,46642
Siva: 17673,35165,37418
妖刀: 39483,45186
nan: 29538,43706
王子: 33589,35303,36876,44482
xiao3: 32522,43592
LJ: 15482,35721,35727,43892
LK: 22375,27039
LL: 15886,16305,19101,23372,33098
跳跃的灵魂: 5533,6304
_xwkkx: 30577,30579
xylophone: 12459,12473
jingqi: 35665,35667
xiaoB: 802,14023
iPike Frank: 9967,10083,10134
xiaoG: 33463,36547
YY: 6612,7861,10066,11669,12068,13328,21658,22677,22960,25979,27240,34006,35580,39661,39720,43447
YZ: 4829,26190
dark笑: 36928,36931
天行者: 5369,9212,44225
看你妹: 2623,11831
Li: 29196,42196
charlie: 6101,7973,41025
Jack: 3074,29052,38524,45542
fc: 8219,23203,36902
fd: 22555,40254
李宁: 12244,30280
sb: 32545,38084,46846
ff: 20264,36026
xiaoY: 502,9436,25218,29828
naozibuhao: 27060,27062
噬魂: 15945,29021,42462
天上行: 41231,41234
sf: 14166,32678,44725
Jerry: 6762,21960,37635
`Smoking: 29302,29308
↗﹍尋觅.oО: 1700,6779
sj: 11645,36741
sk: 2315,10984,16050,36932,36947,43497,44759
Tankie: 21432,41247
欧文: 16644,23265
so: 39975,40051
xiaod: 4418,45617
黑暗贤者: 6627,27947
没动静: 41385,41389
ss: 3305,11245,18522,20931,29214,32984,42292,42634,43182
st: 3797,38087
su: 6156,10458,28545
乐事: 4535,30921
Jay: 644,23552,29041
冰の緋煙: 30867,30869
小黑神力: 4771,36897
xiaoq: 17159,32852,37009
被外挂: 9700,10508
snake: 26632,37010,37661,39823
cotulla: 29669,29673
风雪神雷: 35923,35933
xiaoy: 44,39214
问天: 17227,36082
鬼鬼: 5423,7818,15543,21489,22629,28603,31368
镜花水月: 749,14739,44104,44274
没品: 12875,12901
堕落自由: 25875,25879
诺森德的雪: 19914,19917
liou4616079: 38513,38516
卡尔: 4170,13783
Era: 29935,29938,30035
哆来AV梦: 13573,17677
marco: 2494,38751,46535
454: 25005,44252
456: 10974,33047
Fran__cis: 22886,22887
Ghost: 4097,8115,27649,43560
alex: 3332,12881,15125,16530,20406,20964,31037,36804,44801
enter: 19652,40230
Maple: 37166,39358
Colin: 20070,20300,20303,30688,31353
xxxx: 14191,15259
king: 4961,5746,7810,13821,16540,16742,18243,19754,21130,28675,31825,32149,34387,36398,37348,39468,40573,40577,41320
xuanxuan: 20476,34816
gsdhssg: 33656,33659
winters: 31124,31132,31136
风中摇摆: 22745,22750
路路: 21698,22624,27966,33418
拉登: 17890,18789
失意: 33166,41239
牛奶: 568,4451,42782
天牙海交: 31287,31288
后人: 2554,21428
龙猫: 10477,45527
laodadandan: 5449,5453
mengdashu: 27782,27783
狐狸: 5817,22467,38324
xiaoxiong: 17303,26535
小磊子: 7152,25267
solomon: 5860,33068
silentdai: 322,12272
shane: 41637,43393,45088
文文: 3538,8184,35921
小龙: 61,1663,2574,8491,9600,13722,13869,15846,16308,33679,36452
ming: 16144,35417,36212,38004,41628
老何: 15244,31304
小龟: 27942,37887
沉默术士: 18040,18044,25090
阿呆: 2363,2775,5806,26591
涅槃: 9493,14746,15840
｀戌．: 9680,11816
小火鸡: 6298,30018,30033,30170
liangliang: 6252,18826
hundred: 6080,7235
鋒利的木棍: 240,1636
wangqidi9989: 18417,19528
小鱼: 3176,7902,8274,12463,18554,18595,29664,32498,34812,38365,44970,45742
Michael: 2796,4944,25345,43708,46807
行云流水: 28679,28681
smallyuer: 44320,44324
骑士精神: 2892,39275
Doggiebike: 15460,15462
盗獭: 30193,30571
Alan: 19433,37241
=。=: 22882,35101,45813
xiaocai: 19397,20338,35246
jelly: 16951,24052,43585
unique: 5845,13373
大神: 3501,12659,18194,27090,34295,43243
yui: 14445,37622
yun: 5863,15568,18115
虚无缥缈: 25577,28025
飞沫鱼: 15142,35037
一方通行: 23458,38424
呦呵丶有点意思: 2323,33730
臭袜子: 5891,44120
kingdom: 23184,38306
Bane: 27052,27055
以逸之茗: 11657,25158
约修亚: 17258,39097
Tenzen: 21308,21311
宁宁: 13218,28063
七夕的主宰: 11410,16480
Soga: 25920,28641
lalala: 31724,35350,36411,44467
C弟: 3438,3450
BLEACH: 36687,37731
咱丶蛋疼: 29969,30605,30610
D殇D_Y訫Y: 45104,45108
溪风: 6738,44834
DOTA: 10307,16027,18615,22986,28154,30829,31414,31626,32087,32611,32624,33712,34305,36861,41490,42844,43220,43409,44758,45083,46228,46647
心殇: 25666,25674
妖精尾巴: 24001,45746
fffff: 42765,42769
-　　辰。: 20462,20746
edward: 2842,3208,8442,27971,33585,46051
aidota: 40279,40600,44612
不偷腥的猫: 20027,21029
农业户口: 12202,27294
巧巧: 42240,42250
suerly: 31518,32696
消逝: 2012,16940
shen: 6919,12144,18099,25375,34086
蛋疼: 17072,17145,43068,45133
羊羽: 18015,39781
瓜宝儿: 15492,33822
xixihaha: 392,46783
wayneissuc: 43434,43440
麦子: 12290,32278
MADAO: 10781,34992
江枫渔火: 19633,19638
小新: 10782,10800,16392,28605,37819,43426
加勒比水稻: 9943,10009
Prince: 4742,39333
JS.神: 37912,37914,37919
Seven_White: 45467,45468
Super 菜: 36786,36789
小水: 30912,46020
BoBo: 17162,35617
ccc: 16818,23591,24774,41876,46581
明媚的忧伤: 19064,19112
比目鱼: 1146,7852
Edward: 21048,23878,24054
优游幻世: 31335,31342
lizi: 36811,39017
坤少: 16098,20458
dachong: 32316,40513
feyond: 21069,21071
无敌小呆: 31536,31537
小哲哲: 28878,44893
hehe: 6378,15814,15878,15909,31512,32258,45207,45934
lnyykka002: 9694,9772
笨笨: 3618,6124,13422,18893,23144,23573,23575,34761,37847
默默: 12496,17841,19004,19869,22640,31406,33312,39900
坏坏: 8483,12088,12111,16794
阿黄: 17571,40998
波仔: 37191,37193
Wayne: 9129,13183
howard: 11568,34411
果果: 15653,16784,32179,40854,46575
sylar: 15334,28420
笑而不语: 4238,12295,35691,38072
peter: 15314,46302
Brand: 13173,13688
allan: 12859,42325,45686
天涯: 10599,11549,13771,32455,36194,36195,43404
moyuq1995: 13920,13945
怪物已: 10176,10189
不帅: 3136,34026
龙池空明: 23039,23041
仰望星空: 5683,32142
影子: 12618,28010,35413,37773
阿俊: 19155,30573,43075
duiven: 30103,33631
zhan: 23961,44934
vincent: 577,6204,6721,6726,23634,40454,41178
小可爱: 20627,46190,46193
xiaozhu: 34251,34416
helloshi: 37952,37954
鸟鸟: 18262,18271
快乐宝贝: 7156,13847
比懒羊羊爱睡觉: 10548,10959
thj123123: 10999,11016
华裳覆我肩膀: 21511,21513
bleachgc: 17760,34805
myj111: 11080,11097
让寂寞挂眉梢: 29961,30166
轩仔: 30899,30901
lol: 6577,25401
0.0: 8538,13923,19441,21608,24561,26897,37611,40887,45828
盼盼: 6581,14249,42567
面包: 5414,5419
Awki.bby: 857,11227
冰河: 3651,9319,16598,24792,29521
xiaohu: 31427,42691
逍遥: 8079,14809,14953,36301,36307,40615,41478,43862,45604,45725
aaaaaaa: 12436,20082
支持佳佳姐: 40992,40996
lonely: 19360,36883
Echo: 8046,16688,32875
月夜: 4077,35217
paco: 12766,21841
wfengchu: 20173,20199
Allen: 4426,16703,18998,42345,42354
小吉: 19102,33517,35547
乌拉拉: 25417,42711
renjie35@qq.com: 13511,16575
tianyu: 15038,21151
じ☆ve冰吻ゆ: 30779,30862
天地志狼: 30144,33451
沛沛: 19354,28331
..: 12698,16291,28707,34665,39895
鱼片: 23690,27875
小川: 833,4826
gankhigh: 30998,31670
地瓜: 1227,12836
lemon: 1921,19439,21235,21242,37855
Magic: 24620,42786
DOTA小卒: 20568,20579
泥人: 5636,5638
luolei: 5906,16389
ARES: 19584,20843
n0thing: 5106,14466
Army~王者: 45402,45411
涛哥粉丝: 4641,20105,40608
小石头: 11040,32198
Tony: 6374,6375,11726
admimidao: 3440,3447
BKB_TP: 31137,31634
超超: 23235,26354,27885,36289,40022
HR: 10855,40205
HY: 28503,28970
猎人: 31648,31681
筑虫: 46266,46272
bb: 25551,32605,32610,37411
夜无芯: 19197,19201
bk: 8725,40938
ok: 2857,15005,27040
bo: 16324,20290
魅力四射: 16306,26081
charles: 31716,46492
oo: 7889,10574
dangg: 36845,36847
陶陶: 5721,21938
- -: 13622,35718
ink: 3276,7984
雪银狼: 38968,38971
heaven: 41838,42100,43125
bruce: 15551,22214,44832
飞鱼: 2123,4815
神的乞丐: 45193,45194
小神: 39144,44803
yansirong: 33182,33189
致命的一腐败: 9742,19517
青蛙: 3468,17667
神龙: 20775,39405
扬AMAZING: 34038,34049
小狼: 2483,2534
XXX: 6349,25103,35015,36351,46448
alan: 15028,20037,23069,38946,45138
雨翔: 7728,11297
Chris: 10310,42297
小翼: 7234,17532,19741
呆呆: 5269,9252,17953,29693,30597,33539,36277,44134
LINKSHOUTIME: 31028,34014
开天窗: 31432,31433,31439
棒棒糖: 31669,31802
微醺: 20884,20890
Lee: 6828,7306,25838,30331,33516,34710,36264,40178
kid: 11540,28929,36298,39426,41421
Leo: 536,3848,5351,7368,23767,42377,44484
manyJoy: 19581,19599
lonsy: 24923,24932
小钱钱: 42739,42744
kim: 27665,39571
GOD: 10295,32926,42847,44096,45856
kin: 3808,43782
竹子: 27666,43238
天才100哦: 27420,27422
桀骜阿飞: 35335,35338
ilowmm: 20003,20004
ghost: 35814,37781,38214,43645
西瓜: 10835,16689,30019,35133,44645,44950
兜兜: 8003,44045
Saturday: 12101,12169
小麦: 1434,12756,29251
伽蓝雨: 15857,43521
Sin: 67,40560
hans: 17357,30555,39028
Songˇ落小柒、: 9132,9143
Six: 1349,36425
阿南: 18275,18287,28042
嘿咻: 12621,37358
十四: 14209,39842
挽歌: 5075,17704
hahaha: 2162,18528,31639,42933
manaka: 11989,15468,15477
WB31570312: 17884,17907
色魔: 74,41848
夜魔: 3237,9807,13186
lishanquan: 42746,45143
钟爱钟国: 20937,20941
关闭着的: 12362,37186
阿斯顿: 10407,17356
海涛: 1297,2493,6699,10541,10553,11384,14926,19594
巫毒寶寶: 19420,20495
xiaochen: 11940,13099
明仔: 16255,27213
堕落天使: 12830,33404
mqh: 11720,40330
KIDD: 7142,33361
CCZYOYO: 34779,34785
我要要要: 18658,18673
phoenix: 11391,13710,34466
luffy: 6534,19038,31496,38910
小蘑菇: 26802,39106
aaronii: 11578,11590,16946
mantou: 9669,25882
随心所欲: 28866,43835
Mr.Z: 22354,22356,22359,44043
near: 12037,12070,42044
Silver_Swing: 1901,39461
Leon: 4149,6574,9978
鬼舞: 10568,28767
哥，帅吗？: 11250,11327
ricky: 15136,24766,33832,36215
hua: 6120,6134,45762
菜是暂时的: 19950,20394
馒头: 7626,23177,34213,41300
stan: 5229,6829,11974,25227
小柒: 954,7074,11207,14002,16124,26466
scar_chen1990: 32040,32042
star: 6483,6486,8795,14775,21660,40834
@毅@: 8196,8215
半只西瓜: 31633,31640
枫默: 8973,9021
ZERO: 239,16591,32327
胖丶胖: 31322,46461
布衣: 18782,28205,35364
Steven: 12197,40789
chicken: 21785,40042,40047,42316
潮鸣: 9801,10401
zoffy: 26845,45299
freedomcn: 44109,44114
iris: 11106,43871
T.T悲剧: 42264,42273,42278
xiaoxin: 12137,13065
Devil: 13630,25231,38231,40102,43279,43724
Eminem: 26697,45850
Knight: 4945,39373
斯蒂芬: 9794,30081
iceman: 15971,33987,41926
赏金佐罗: 31602,31603,31606,31607
刹那芳华: 6152,14327
G_over0037: 30490,30495
表情气象: 26458,34234
Rampage: 11922,25350
zzzzzzy: 30143,34496
鲍鱼: 36176,36182,46569
Ant_WarRior: 32694,34530
小草: 15519,18553,23585,40512
arli: 494,495
小于蓝: 5876,5877
晓寒: 17644,17707
小流氓: 28066,39043
leonart: 22703,22708
xiaosa202: 30533,30534
花田月下: 30948,30955
zhuzhu: 2567,11449,45906
小贝: 16444,24000
彤少: 33035,33037
Hebsk: 12807,12810,12827
fanta319: 2951,12458
tree: 13595,39211,43661
Rpack: 8065,10398,10442
阿拉丁: 40381,45014
平田真悲剧平男: 15159,15185,28860
彤彤: 17022,38112
Mona: 32033,32036
秋忆: 27322,27324
小贼: 17765,18623,36414
猪头: 7429,12884,19289
wayne: 3617,23881,30987
伪装: 4536,4547,37776
LiaJK: 22046,22049
哥2的是寂寞: 16712,16714
1111111: 292,30329,37474
梦落迦南: 10780,15782
冷鸟: 38204,38271
sb,: 16379,16384
miracle: 7644,18550,25089
妙风: 1825,29830
百度: 653,654,655
苗苗: 18932,18937,36202,41381
sugar: 221,2064,35738
小飞侠: 12651,12704,25010,26295,34959,36556
悲伤: 3761,35166
圣堂: 5968,15278
信仰: 11209,40740
丨淡淡丶幽: 11636,15609
xxx: 14743,19992,20497,26620,28181,37904,39874
mqsaizyb: 9385,9407
Sexy_胖: 34346,34359
Eggplant: 3845,3860
奶牛: 15179,29574,40380
大海: 1069,15620,24533,29277
水水: 10386,19067,23125,33315,43994
蛛丝马迹: 11650,16409,18247,21156,41897,42625,44647
若即若离: 13230,46239
第六人: 18135,23909
magic: 998,29896
lanqxq: 10139,10395
figo: 7913,41009
F神: 46111,46121
zhouzhou: 32138,38164
Sylar: 6022,6069,6728,30284,35715
飞翔: 39109,40771
范范: 36961,44619
维尼: 925,41778
东哥: 14554,20779
顶涛哥: 12020,31008,33503
pll3743: 20787,20795,22849
Rtx_jzw: 11522,42542
KOBE: 13103,32775
奈门摩尔: 1974,11926
信涛哥: 7310,7657
C.C: 10195,23201
莫名: 32435,46085
god: 10478,16674,37374
游戏: 12758,38840,41243,42851,44766
爱老虎油: 10641,11239,17255
随风而过。: 34268,34274
小北: 3059,38361,46613
lala: 557,7345,8503,10232,15912,21353,22414,27285,29421,30840,37513,40003
yyyyy: 33760,39140
右手年华: 37988,46040
無影天下: 34357,34368
日后再说: 10312,23279
Wing: 30646,30654
77: 233,307,1672,5677,10624,10633,15262,17141,28664,30656,31413,39376
Ksint_Night: 6496,6497
Q7: 13326,21437
Ss_Andy: 2106,6705
哈哈: 6788,13076,15991,16656,16939,17745,18178,20630,24617,36115,38125,38126,39622,39768,40386,44820
DD: 1648,4737,9399,18847,19896,29431,45516
潜心修炼: 31155,31157
DJ: 5400,19964,34744
asyzfuyang: 21087,36584
YGLL: 44688,44691
Eric Wu: 36241,36261
Magic_hero: 8855,8861,8864
DP: 38319,40963
滑鼠XIII: 19434,19437
铁山: 15233,29242,40491
DT: 2016,6774,23092
Talen: 7895,17353
leo357449107: 20926,20927
hades: 23621,42121
kc: 16651,28398,41161
wkkill: 8929,10068
kg: 23556,23689
xc: 3796,40133
xf: 7920,35044,38598,39261,45073
无聊的人: 35722,41034,44223
kk: 2714,4917,6935,9814,10354,10408,13646,14220,21773,22223,22951,23250,25544,26849,31379,33972,35232,35300,35947,36317,36763,38168,38483,39711,42222
哀木涕: 8268,17335
xh: 3388,29583
xj: 12497,16335
junlan: 11071,12703
xl: 38151,39381
浅唱oO悲伤: 45015,45016
xo: 40726,40749
ks: 41500,45352
xu: 798,3954
xx: 1133,12533,23329,32800,36960,37093
hunter: 9979,10436,16162,26952,31225,32003,32727,46271
xy: 13967,29066,43867,45606
羽毛: 1330,10662,15059,24966,28213
小硕: 25432,41656
无心插柳: 31111,32878
w12: 15544,15547
我换昵称了: 13734,14411
小生: 10769,18344,38567
秂唻囧: 30520,43047
orochi: 12338,37328
嘎哈: 11729,11752
观音脱衣裳: 689,691
小田: 23008,27533
坏人: 25388,35274,42021
freeze: 9402,36903,41044
康康: 14661,34403,38094
pan: 21998,35483
阿达: 14906,45629
涛声依旧: 409,13409,22904,37129
lptkikilala: 40001,40657,41085
wufei: 41975,44219
dan: 13566,14819,16014,30112
One_Day: 12203,12207,12210,13687,19171
Terry: 742,18256
5201314: 33348,40000
巨馍蘸酱: 6011,42812
kiss: 19328,34627
wen: 8308,33946,44662
静静de发呆: 9552,9572
过客: 2562,14766,16541,36616,37782,46410
ken: 914,11305,15762,19272,21981,32132,41800
SKY: 19654,22222,24302
key: 36206,38959
逝类: 37320,45947
chris: 28729,29172
leon: 5909,11127,11592,20614,32787,35356,35649
138450: 30504,46106
Ｏ.nilk 陽: 30681,30684
godlike: 323,324,10593,26776,41566
小马: 6826,24264,35360
gishow: 9560,9577,9689
gokaly: 41266,41269
Gee: 22499,22501
kisworld: 37866,37867
kitty: 20714,40742
VIGOSS: 14727,30657
小二: 703,3630,14676
qwezsk: 27773,27774
奇诺: 10127,10178
莫须有: 2020,41129
nomol: 17472,18486
小五: 16416,18342,24494,30624
manate: 31761,31796
YAO祖: 9923,9961
神之右手: 22609,33447
栽花: 33417,33484
花心太岁: 30336,30339
牛粪: 24845,26605
强哥: 40247,45304
奔跑的蜗牛: 12140,24483
Francis: 4322,27219,27220,27221
淘米: 6060,28310
小亮: 22188,35530,37629,40609
weige: 7221,38041
aaaaaa: 29895,37185,37212
功夫小panda: 34950,34952
灰色: 36116,37672,43794
鲁鲁修: 13397,35079
Levi Lee: 10555,44178
魇魔: 25971,38192
弑神: 950,30443
amu: 3175,27096
sasa: 20370,46587,46592
cloud: 7109,14032,27835,30258
Sola: 41871,44605
gogogo: 41457,44967
xiongge: 5341,5342
Elvis: 19552,25960
默然: 34084,38025
雨人: 36834,40085,43020
800: 1664,22070
Solo: 15020,15024
kidddd: 21739,39625
Answer: 16401,33507
幽灵羊: 22325,22341
Z.Likey: 9012,9025
云淡风轻: 34231,46666
summer: 353,35432
冷月无声: 40837,46261
Saner: 44166,44167
仧渧と熋貓: 4704,4708
Heller: 3395,35224
xiao go: 42659,42664
Dean: 10522,25794,28451,34685,35798
支持涛哥: 7940,26473,29949,33496
思念: 7263,15577
Saber: 26291,33948
royksharp: 12896,20076,20359
小浩: 23412,26695,27261
小浪: 19429,43196
小屁孩: 5919,5921,5923,14988,34855,43372,43571,46064
饭团: 5397,9166
小海: 188,14281,38486,40991,43683
山寨真多: 2265,2286
Summer: 9011,9022,27477,39565
song: 17212,20437
蝎子: 9437,18660,33018,37081
Beyond: 2427,42712
葡萄酒没事: 27821,32458
筒子: 22089,42285
scylla: 16829,37895
Mascot_cc: 39325,39327
Battler戰人: 12709,12777
扯蛋: 12718,12852
^_^: 3031,29244
追忆: 3449,6508,7687
June: 7501,38332
elfike: 12889,33195
jyj: 29480,31846
海涛粉丝: 8880,33150
无码内射: 10269,10280
sven: 21425,21431,27078,40020
devil: 2722,7104,13796,17686,19199,21565,34135
神经刀: 18071,19271
鹅鹅: 32913,32914
寒月: 16887,37931,40888
biewenbin520: 9647,9659
月夜枫: 28662,37621
天收: 37293,46134
指间的泡沫: 13643,13671
david: 12378,18154,27236
小轩: 7382,8996,38436
狠狠: 36058,40485
十三: 17604,32938
小艾: 15308,33993,34012,45213
毒药: 3696,37993
DOTA新手: 13404,25448,45561
魑魅魍魉: 1144,13251,27611,30274,30276,39260
幽灵: 8228,14851,44910
枫月: 9454,22883
wind: 3675,4551,7533,18643,19983,32285,43148,45678
wing: 1468,9813
磊磊: 6229,13547,44105
帆仔: 13034,35169
Link: 5631,17583
雨轩: 7825,31739
啊啊: 9731,20626,24618,34282,35760,37078,39615
似是逍遥: 30791,31063
涛哥V5: 3111,21607,24730,40848
巴斯光年: 19889,19892
Evil: 29394,31133,36636,45310
夜色: 24237,36959
cosmos: 21100,21524
yanke1989: 13892,34963,34967
Ace: 7588,28982
wsps2: 35014,40725
一起游戏吧: 1457,11537,22278,27355
johnnny123: 37736,37748
xiaoma: 31283,39301
Carl: 19302,37974
Demon7270: 9341,10256
piaopiao: 33215,39083
xiaomi: 13152,18078
bigbang: 11935,32597
KAKA: 24668,45857
牛大力: 2425,39497
Jason: 1284,9013,17577,23371,24884,44964
weighthua: 19682,19690,19693,19844
wowo208: 7854,7866
臭小子: 7972,27263
小刀: 6414,8910,15873,19664,20525,24286,24712,33029,43714,44682
欧阳: 28548,45751
skk: 17440,36150
蓝星: 28279,28282
Ray Mustang: 11202,11220
GODLIKE: 13077,16546
sunny: 13178,36939,41332
paul: 9343,17146,38292,45370
刚子: 1731,32638
Ryan: 9582,10512,23787,26139,32079
谁能挡我: 9857,9862
777: 8108,45564
sky: 295,730,9117,11554,12579,17721,21256,27404,31719,35271,41538,41547,43483
3#: 130,2166,42096
ShadowKing: 10059,10143
海绵宝宝: 28494,32975,33218
小刚: 13280,26880,36589
domen: 28436,28447,28450
小寒: 6557,6725,7318
小狮子: 5662,35243
星心: 9913,27871
33: 1978,26670,26674
Duk_Lady: 28177,28179
vaclav: 11779,40359
小张: 12237,43377
melo: 38823,39300
寻觅: 32313,43481
杨杨: 7618,37607
小刺: 22234,38275
Tofu: 9059,10842,10848
Nick_yue: 30044,30844
MK: 3223,27579
bbb: 11682,34203,38690
MM: 619,4266
bob: 17709,26270,41565,45973
小强: 133,6769,8552,8668,11456,21016,21624,23351,26057,26060,26492,32451,36604,41762,42207,43113,45179,46880
ttggy: 38045,38046
Meditations: 16639,16641
MT: 5840,6605
MU: 18301,32961
zero: 2308,11531,14830,15127
可乐不加冰: 9221,20698
MY: 18412,22424,27744
embracema: 6727,13840
当风吹过: 21514,21542
卡卡西: 5979,19703,20302
presume: 7024,18556
popo: 1779,40982
Mg: 17026,17029
天威: 15041,15045
gg: 6132,6171,7223,12761,13948,14530,26509,31412,39718
tg: 11873,33049
Joe: 6379,11837,28364
ufo: 9316,9329
逗她: 8165,11464,11722
tj: 17427,29496
老狼: 26725,40728
tk: 29437,34846
gs: 4935,15751
gu: 20959,29247,46307
Harry: 5690,35783
silly: 14910,25313,32254,32256,38400
tt: 7144,32858,35563,43280,43966
淡淡: 23278,24132
熊猫: 9540,13740,20748,39138,40824
强势围观: 15939,15949,42585
cool: 10933,21848
wade: 4636,14486,37167
草莓: 17999,34669
17dota: 6547,32662
asdqwe: 5180,5188
Justin: 29843,38066
小琼: 14399,16932
天狼星: 1403,27911
keep_moving: 13272,39492
jack: 3649,16424,18590,31221,35056,35452,35524,42031
我是菜鸟: 27302,28167,46700
@雪@: 15704,15721
Q1ng_kuAng: 26447,26448
.....: 17914,23137
fafa: 24393,34125
Lamgyal: 10888,10896
comecome: 25622,25626
n1ce: 13073,19324,46933
辛德瑞拉: 5278,39798
一叶知秋: 1072,10137
脸脸: 20282,29810
kai: 209,42900
灰日: 20644,21254
悲剧帝: 4066,12880,19647,22124
wolf: 17090,31445,31448,39216
kyleekin: 5215,5219
秋临夜雨: 9421,9523
haolea: 19631,19642
hanhan: 9067,23887,34751
长路漫漫: 33821,37229
only亨利: 6715,6719
风干の寂寞: 20962,20967,20972,21592
kay: 12352,22099,25191,29838,40373
xpc1219: 42227,42233
魂魂: 18527,24762
闲小宁: 8614,8625
jouny: 29916,30152
terry: 17060,19856,19858
yaya: 7676,9573
陈冠希: 3153,9120,29796
风之子: 7384,21458
Sam: 29548,32676,39000
超哥: 26434,36722
E网幽魂: 5237,5241
小饭: 3451,46086
毛启林: 31160,31202
ren: 22001,40083,41986,41987
狂徒: 30604,30609
各种囧: 15526,15529
dragonfly: 14462,33809
fei: 12783,15569,15767,17412
嗯嗯: 3291,34827,44794
BKB: 18965,28980
Monster: 10876,30568
namflow: 14313,14335
frozen: 10455,35614
左手: 2003,26499,27994,35823,42308
Demon: 9223,36230,37359,45777
evanlu: 309,310
愛娣: 1398,1419
永不放弃: 21109,21377
mic: 276,30640
风信子: 4751,23404
legend: 19628,24069
leelen: 27474,27475
东东: 1045,12850,14176,27466,27548,29647,30259,35810,43655,46889
绝对零度: 3096,31875
烧饼头: 37936,37939
tq01jch: 13792,13797
狗狗: 12684,32420
Ben: 14406,16034
17wan: 6548,18563
hong: 18182,33704,41916
看海涛: 10632,23577
騊冭!°: 35550,35557
翔子: 2413,17929,43937,46443
4451: 41366,41377
wingst: 11968,33711
air: 15037,27497,38856
被你囧了: 19330,19335
18728815: 34964,34966
xixi: 157,5805,22368,33079,41339
开心果: 12798,39614
DOTA菜鸟: 12066,12091,13112,22630,35515,36967,37730
HADESPLUTO: 30352,30353
dong: 18856,37047
9527: 665,796,12670,16578,25515,31196,33471,35242,35259,44781,46143
NOEL: 30909,30911
墨迹: 4034,20395,29970
jeff: 12868,41961,42951
孤单: 25020,36534,45136
野区小王子: 31729,31735
游戏人生: 2479,4493,15066,16266,17230,21305,28797,30655,41690,45309
dony: 33816,33826
嗷嗷嗷: 38928,46073
老湿: 15611,16739,34578
枫仲过客: 31146,39815
棒棒糖、○: 41295,41299
吉米: 19990,21209
hzw: 12302,12329
小D: 8611,11032
粑粑: 18230,43087
飘渺: 5349,10046,10072
最爱爆肚炒肝: 6361,15174
小K: 7312,25024,43388
ping: 1415,11741
D调: 10169,10205
老老: 22110,24541
小旭: 15153,24082
小P: 5027,7362,36495
小Q: 4866,12047,41644
小T: 18476,23721,33428,38289,45074
小Y: 11906,23745,28823
killer: 4841,11617,14453,40639
小Z: 16974,18331
寂寞绕指柔: 5073,20773
icefox: 8915,10332
刹那: 7822,9135,40752
karr: 40666,40674
iceiceice: 20321,23277
小c: 9654,14493
KANSHOU: 42642,42646
无兄弟不dota: 8488,44064
HAHA: 6928,33170
sheep: 4941,28941,33099
亚格斯志: 9735,9843
kobe&henry: 30742,30745
琉璃天雨: 29953,30511
baozi: 15710,35680,44540
GGYY: 13115,17772
luo3pao: 2350,2383
saber: 25663,34507
吖BEE: 29900,29908,30810
Justycki: 35977,35982
我’早已累: 34076,40876
无叶的小草: 20110,20115
飞刀: 17190,40933
RAY: 4439,14202
jun: 12065,12394,15774,25929,34391
Pp.羙魉: 28342,33741
水人: 11942,18842
无聊: 11150,16812,32010,45289,45292,45539
旧旧的足迹: 4558,15789
ryan: 42,25893,39958,45734
sdlin: 9122,11381
DOTA小菜: 3026,11746
无赖: 27763,42491,42924
天堂来的孩子: 31236,34916
seaman: 11575,23839,29726
asdych: 19560,19585
zhou: 3143,13402,14420,26613,38462
拒绝融化的冰: 12067,12239
berney: 10052,10187
seed: 4899,4903
13applause: 12623,12690
烟花易冷: 9364,40680
momo: 10805,28646,31338,32831,36407
流放自我: 21172,21198
lio_yuan: 22564,22636
饺子: 6005,29239
浒啸山河: 732,733
安静: 2051,29100,32673,40370,44813
Se7en: 23291,42800
琦霖: 18714,18718
烈火: 15232,34167
南瓜: 3281,15565,35472
lcl: 22475,42434
放弃: 4429,9557,16155,36704,44140
benben: 11339,41443
shihan: 14549,22901
tank: 31707,35729,43512
好好学习: 15952,36896
Ctrl: 4386,13777
kenny: 10631,13455
tianzi: 86,36956
小呆: 8590,18690,37349,46315
做面包的邻居: 6499,6502
snowshow: 29779,32805
Esports海涛: 784,990,1195,1252,1286,2523,3158,4612,10940,12695,13023,28557,36321
小帅: 501,3707,10667,30519
jdmm: 14955,15348
大蛇: 28147,39435
Snow: 19279,36242
fairy: 625,36225
SK小鸡鸡: 9755,9777
Seauy: 25098,25102
幽鬼: 2678,30990,34473
湛蓝渊: 4677,4679
小钢炮: 5593,35026
大灰狼: 7538,15395,18964,25508,29853
zxa: 26744,43901
为之奈何: 16039,33779
zxc: 29078,34311
小周: 45630,45965
lichen: 572,23597
鸦片: 24320,33566
风声边界: 1012,27651
storm: 5920,12281,12891,16572,20877,27123,28750,28751,42251,42836
你懂的: 14609,40470
修洛: 4646,4662
Susu: 2785,4133
你好: 253,8498,25542,38035,39386
kunkun: 10892,10924,37837
Fovever: 14679,46913
沒囿痕忣嘚愛: 9296,9733
草原上的小老鼠: 25894,26307
7号球衣: 19788,19929
sakjsak: 12499,12514
旋律: 10128,31959,37408
YatO_Gaga: 25664,25672
cc: 7558,9683,10237,11703,12948,14082,14098,17597,23025,24592,30123,30397,31181,31517,33145,33586,34290,36574,39427,40371,44405,46254
super: 4798,10281,19388,39419,43811
cf: 12018,22360
dota新手: 9800,15655,26436,27259
阿超: 3777,9937,41347
cj: 4831,14673
ck: 17375,41158
游东戏西: 3597,3604
 |Start|永恒: 32568,42528
cs: 7222,22716
pp: 18652,22462,29282,38794
ferdi: 28256,28257,46096
sssaassa: 35634,35639
neoakatsuki: 25016,25019
ps: 35003,36799,45924
cx: 9246,26989,26992,33545
qicaishijiehao: 37924,38675
NicloCage: 31058,31059,31061
花飞荡天: 29822,29829
天天: 6391,6992,10513,11883,16317,16496,17312,18520,27664,32186,32390,32685,37406,41174,43229
haihai: 5076,25997
小猪: 2084,18540,26748,29590,30590,32690,38179,39220,42652,43933,46159
Avenger: 24987,27071,28164
卡农: 22670,42905
嘎嘎: 6956,12479,12488,14244,25051,33984,41390,43693
脆皮: 20751,20765
海鸥: 7806,17653
小白: 1792,5107,5752,6109,7272,10852,11608,11908,12722,13552,15422,16220,17748,20736,22139,23525,23551,24895,26789,28789,32837,37468,38086,38270,38835,38989,40489,43133,44660,45929
Lost_Klaus: 780,791
wwwymq: 30367,30379
寒兮: 14042,14048,14050
love Ling: 16431,16438
harry: 5759,18309
Kratos: 32200,39243
星空: 11704,13680,34775,34783,35740,38753
John: 32973,36103
jOnly: 15996,16000
kuku: 6283,19591,30557
今晚打老虎: 12253,14682,28277,29185,42248
huiger: 17370,17380
black angly: 38716,38718
xiaoqiang1hao: 16345,16359
黯然: 2369,5726
水寒: 4295,33869
....: 10987,13207,15106,16053
无缺: 46609,46617
小锋: 24337,43092
飘雪: 10823,14862
冰哥: 20036,27409,30747
走到路的尽头: 28445,35660
神灵武士: 32842,34786
www: 2373,26502,31424
吃饭不吃菜: 10317,10356,16420
visionnn: 19157,34750
frank: 2991,16677,28777,30766,35031
门徒: 11646,44783
超过海涛: 9728,9780,9853
小黑: 289,1129,1210,3441,7881,11229,17516,21566,22329,25074,26813,27697,29832,31641,32794,33151,33281,36629,37527,40345,46014
cesc: 20888,36315
脑牛: 42785,42797
Akunyu: 30777,32442,46715
猫猫: 16618,16642,24238,24552,30966,36597,40499
哼哼哈嘿: 25300,35288
不懂: 1646,29831
冬哥: 205,207,211
miko: 3439,38952
...渁慕偲゛: 13281,13305
海涛的徒弟: 2732,38011
夜不眠: 3915,45421
冰咖啡: 8558,24991
NGL: 8938,9347
熊仔: 5881,14266
ray: 2135,8588,32078,32114,35088,38092,43771
年华似水: 6629,9091
Nemo: 3277,8648,30010
灯草和尚: 1329,1337
fan: 6129,45579
Sail: 5579,17958
酸菜鱼: 9172,20221
小俊: 8951,46055
liyong: 38507,38509
小虾米: 3995,4202,4446
srgw: 8930,8937
spirit_elegy: 2731,2761
niuniu: 18700,19590,36438,37386,41062
豆豆: 4549,16313,18661,21060,22030,26886,27635,39232,43173
kenshingen: 18803,33757
咖啡: 4188,14815,33761,46903
城市行军: 20180,23707
melody: 3095,32358
110: 6237,9224,16254,35817,36630,37376,39819,43667
111: 13193,15920,18461,19604,21533,32792,35955,42854,44447
夜未央: 26532,40538
我玩dota: 40087,46284
1111: 5808,8797,14174,15695,19688,28567,32871,35704,40978,42845
风行者: 4217,40552
沙子: 2307,39587
demon: 3369,17420,20708,32263,39727,46671
Melody、潇 : 13577,13690
一直很安静: 5420,6771,27636
tim: 908,35693,36919
NONO: 13041,40181
李俊: 38068,42382
天下: 9197,15811,26187,41517
DODO: 33623,44881
tutu: 9939,35358,36122,43743
kuroky: 5629,32829
腿神: 2947,3446
小树: 14662,35076
信春哥: 23783,33028
段段: 4898,8388
hit: 1303,31317
我爱大咪咪: 39451,39453
神级辅助: 3477,3482
孙爱: 38586,38590
AS_satanCa: 44011,44016
一半天使 一半魔鬼: 38647,38650
航航: 2418,11566,18488,40665
ZHU@YAO: 36326,36331,44371
123123: 7414,14575,20209,22582,24886,28377,42912
小步: 7651,26723
kane: 19106,27920
开心就好: 34847,38905
小歪: 18193,26980,43082
孤影: 27983,27984
show: 5907,19341,42334
whywhy: 15201,28190
无悔: 2402,17616
月下弄影: 9653,38207
Myth: 5065,11519,40333
小样: 14049,27645
坨坨: 44765,44768
LunaSama: 28192,28198
youzi: 28778,39444
jordan: 19077,38520
gang: 2068,19306
我了个去: 3746,13206
AzlarX: 19854,19860
乱世: 30248,33762
soso: 3030,4845,9791,9915,31450
叛逆: 26501,43211
木木: 584,3278,5028,5032,6462,15030,29144,42022
liang: 14817,17770,31422,39592,41701,44485
窝窝儿: 38911,43420
可可: 9542,34891,44359
hero: 3561,27932
依旧: 18555,31331
阿u: 5871,5873
斯巴达克斯: 8706,27980
等待: 20680,45320
隔帘花叶: 20857,21304
Nick: 2968,8466,30053
Jordan: 23285,23294
风的影子: 5615,45334
Team_Great: 31451,45315
scpix: 10327,12873
逝水: 5931,44526
rambo: 6456,31799,46117
●` . 缒疯|: 40432,41472
涛涛: 27808,29816,30424,32128
小赖: 5867,39965
晏紫苏: 25382,44694
蜗牛: 809,2189,9016,9903,17126,19046,31357,33498,45140
Adam: 6455,17827,30802,35398,38774,39950
小莫: 2094,14437
周杰伦: 14238,29374
丿Star灬黑羽: 4332,8468
gaoxh07: 30370,30538
贞操换假钞: 44987,44990
maomao: 10598,14898,22145,39189,41462,46598,46806
Fish: 1811,3255,18428
暴走食人: 29842,41432
AAA: 23777,40964
追梦的猪: 13119,13129
Moon: 7210,18439
班超凡: 5332,5335
小雷子: 5140,27930
阿伟: 8853,31473
恢恢: 8640,40146
MaxHD: 28415,28418
BaozI: 19030,19034
yangyu2106: 29226,29234
激情、→哥: 44878,44880,45072
dota爱好者: 37274,41588
Evan: 5197,21129
dsfsf: 11855,37092
zjmzzz: 30409,30413
飘过D: 36444,36445
llj: 17547,17554
波波: 916,17620,29610,37898
xyz: 25307,32510
T_T: 11036,18629,29991,44642,44644
落落: 611,6174,34444
Master: 9257,24778
小马马: 11773,46065
martian: 4167,17286
老寒: 23226,24808
天外飞仙: 9188,16370
haitaofans: 4378,28394,40301,43557,45758
doraemon: 156,16061
老张: 8898,44432
婲街の儛: 21411,21415
凌波微步: 4246,14818
faint: 12542,36940
yuan: 5676,23676
麦麦: 15672,33646
BOBO: 14702,22557
xiaoxiao: 663,8952,10402,11351,12699,13037,13093,18708,26771,30069,30638,33640,35725,37090,40446,42756,44522
suifeng: 34662,36424,45885
路人: 19022,35475,44154,46183,46463
huhu: 7931,7936
forever: 613,10900
阿杰: 433,33782,37432,41362
energy: 14957,37775,45528
88: 2703,29256
stone: 13952,14977,23505,44921
王妃: 399,1134
dota小麦: 18970,18977
lazy: 6929,32153,36572
ljcdtc: 12742,15566
shyboy: 25081,37539
不想上线: 12393,19867
ˉ聪聪小神 、: 34881,34887
hxjzrf: 41447,41448
橘子: 26239,30994
1231: 19170,26348
1234: 9917,24550
冰枫一笑: 38002,42858
qiqi: 16616,44723
Ed: 4030,26855
逆天: 969,16647
天堂: 4145,7747,12531
超人归来: 21488,25273
lc: 5566,8972,8986,11352,11392,33198
yb: 41872,46858
lh: 11096,15555
li: 587,25141,34728
lj: 8028,17775,34749
yh: 1686,1988,13794
ll: 238,5946,19248,21083,26773
yk: 1703,36112
Kira: 13351,14003
肥仔: 12812,14670
三七二十一: 12351,24165
ls: 17492,17495,28736
Γ战士: 11400,11430
落叶: 2763,8313,21132,31415,35950
yu: 5642,9729,9737,18395,23251,25765,28151,37540
lx: 7703,17365,20720,25464
ly: 40635,41292,45375,45394
evenzhu: 30918,31428
yy: 606,7236,7402,9686,11811,18079,18865,28183,28197,28752,33086,34614,37262,37711,38244,38551,39963,40257,40503,40696,40829,42866,45066
popeye: 7635,17288
sorrow: 39672,40221,42690
邪灵风: 15327,15332
feel_xoxo: 15795,15801
ggyy: 5786,33840
小爱: 18200,41722,42975
诸葛子晓: 46047,46049
sun_risn: 10079,10093
maria: 30578,30598
蒲公英: 306,4151,18482
诛神之嗜: 12558,12587
强袭: 38323,39508
MrPangispig: 10197,10230
小菜鸟: 2004,2659,16397,35775
追寻记忆: 45661,46122
Storm: 23214,26098,42010
don: 23392,33464
LHY: 18820,23747
走你妈b遍天下: 12918,12956
缄默: 17223,17231,34127
Love_dota: 12770,12819,16558
fake: 30264,31783,31787
晴天: 5602,11312,22103,24967
陌下: 8856,8858
zhaobing: 20684,22140
yiyayiya: 40910,40916
雨过天晴: 26823,32933,37201
花落、随风: 39638,39640
kfc: 24670,26421,43638
阴沉小雨: 11861,11869
wsx: 32436,32438,32439
小青: 34206,35786
星魂: 41510,42296
花心不是错。: 23222,23227
lvsuoben: 524,526
落羽: 3532,13605
灰机: 20986,30970
独爱DOTA: 12808,12815
黑白世界: 8664,39425
gank到底才是王道: 35091,43593
daxiong: 28571,44471
我来看看: 5442,6526
东方不败: 5834,7643
冷水泡面: 19608,19612
只爱戒戒: 4130,4135
YX图的就是好玩: 33747,36724
Freedom: 18288,39560,43185
涛哥无敌: 13490,38451
Neil: 17261,39480
蛋定: 1962,11904
石头: 681,2820,5250,10595,10988,11279,11633,31449,32356,37770,39755,44627,45305
CCTV_524: 26299,26303
Dota: 14592,30933
月曜使者: 33336,40352
Dark Blue: 39065,39070
spotts: 23375,23378
小金鱼: 13898,43074
chang: 496,497
tscjust: 14928,14937
Death: 17015,27204,33708,44927
会飞的猫: 38624,38631
yao: 29054,37459,42481
ぺ壞ズDe岢薆: 27254,27255
紫电青霜: 36832,41325
达文西: 10501,10559,36672
一般没啥昵称: 6442,6445
Dreamy: 13702,13746
呵呵: 4969,11103,11134,24875,25335,26953,28771,29656,35198,44462,45605,45936
Cyoka: 30088,30092
叨叨: 4773,8544
木糖醇: 707,708,709
启程: 9508,9531,41411
man: 11985,13454,32845
aaa: 9965,11489,19376,29053,31258,32672,34326,36428,37291,37319,37934,37935,39623
max: 6839,30850
may: 14429,37228,41449
popop0p0popo: 16976,28841
lovelove: 3091,30172
SEVEN: 4716,42486
imba.com: 12133,12297
小怪兽: 34093,34157
yoyo: 33136,33591,35972,37995,41567
saga: 13758,27521
ans: 27585,28414
西红柿炒番茄: 35396,40569
Frank: 8290,11999,16957,42952,43067
321321: 24873,26504
ted: 46919,46924
Shmily: 3300,28249,33665
滔滔: 1053,37576
奶茶: 15601,18180
leaves: 27712,39599
superanna: 43759,43760
nevermore: 3239,11345,16928,26602,42006
fsy14091007: 12939,13009
月夜的死神: 9615,9648
feng: 10626,16870,25399,27553,38029,42118
小鱼儿: 26680,26684,34477,42752
D~FOR: 11606,17514
光辉岁月: 5016,45459
小木: 33069,38625
sm@ll: 31943,35085
xinglong: 33863,33980
fighter: 40050,42573
苹果: 2634,6939,13446
逸小小: 913,31170
dangerous: 10105,28948,39224
海涛FANS: 2033,24309,32165,44309
dat
